"","RepoEvents","Freq","CumFreq","Fork"
"1",1002,33,33,FALSE
"2",1062,31,64,FALSE
"3",1019,31,95,FALSE
"4",1047,31,126,FALSE
"5",1004,31,157,FALSE
"6",1039,30,187,FALSE
"7",1015,30,217,FALSE
"8",1025,29,246,FALSE
"9",1068,29,275,FALSE
"10",1059,29,304,FALSE
"11",1071,29,333,FALSE
"12",1012,28,361,FALSE
"13",1121,28,389,FALSE
"14",1064,28,417,FALSE
"15",1060,28,445,FALSE
"16",1095,28,473,FALSE
"17",1149,28,501,FALSE
"18",1061,28,529,FALSE
"19",1045,28,557,FALSE
"20",1051,28,585,FALSE
"21",1112,28,613,FALSE
"22",1056,27,640,FALSE
"23",1029,27,667,FALSE
"24",1092,27,694,FALSE
"25",1079,27,721,FALSE
"26",1290,27,748,FALSE
"27",1057,27,775,FALSE
"28",1020,27,802,FALSE
"29",1126,27,829,FALSE
"30",1026,27,856,FALSE
"31",1044,26,882,FALSE
"32",1021,26,908,FALSE
"33",1023,26,934,FALSE
"34",1078,26,960,FALSE
"35",1030,26,986,FALSE
"36",1075,26,1012,FALSE
"37",1017,26,1038,FALSE
"38",1010,26,1064,FALSE
"39",1266,26,1090,FALSE
"40",1003,25,1115,FALSE
"41",1016,25,1140,FALSE
"42",1102,25,1165,FALSE
"43",1281,25,1190,FALSE
"44",1111,25,1215,FALSE
"45",1147,25,1240,FALSE
"46",1158,25,1265,FALSE
"47",1054,25,1290,FALSE
"48",1108,25,1315,FALSE
"49",1252,25,1340,FALSE
"50",1052,25,1365,FALSE
"51",1081,25,1390,FALSE
"52",1219,25,1415,FALSE
"53",1033,24,1439,FALSE
"54",1042,24,1463,FALSE
"55",1139,24,1487,FALSE
"56",1151,24,1511,FALSE
"57",1043,24,1535,FALSE
"58",1220,24,1559,FALSE
"59",1265,24,1583,FALSE
"60",1085,24,1607,FALSE
"61",1022,24,1631,FALSE
"62",1036,24,1655,FALSE
"63",1155,24,1679,FALSE
"64",1006,24,1703,FALSE
"65",1041,24,1727,FALSE
"66",1138,23,1750,FALSE
"67",1040,23,1773,FALSE
"68",1162,23,1796,FALSE
"69",1231,23,1819,FALSE
"70",1200,23,1842,FALSE
"71",1027,23,1865,FALSE
"72",1073,23,1888,FALSE
"73",1191,23,1911,FALSE
"74",1013,23,1934,FALSE
"75",1260,23,1957,FALSE
"76",1077,23,1980,FALSE
"77",1065,22,2002,FALSE
"78",1177,22,2024,FALSE
"79",1035,22,2046,FALSE
"80",1135,22,2068,FALSE
"81",1296,22,2090,FALSE
"82",1072,22,2112,FALSE
"83",1206,22,2134,FALSE
"84",1034,22,2156,FALSE
"85",1157,22,2178,FALSE
"86",1176,22,2200,FALSE
"87",1125,22,2222,FALSE
"88",1007,22,2244,FALSE
"89",1098,22,2266,FALSE
"90",1107,22,2288,FALSE
"91",1080,22,2310,FALSE
"92",1258,22,2332,FALSE
"93",1018,22,2354,FALSE
"94",1028,21,2375,FALSE
"95",1053,21,2396,FALSE
"96",1114,21,2417,FALSE
"97",1168,21,2438,FALSE
"98",1199,21,2459,FALSE
"99",1345,21,2480,FALSE
"100",1154,21,2501,FALSE
"101",1091,21,2522,FALSE
"102",1014,21,2543,FALSE
"103",1105,21,2564,FALSE
"104",1093,21,2585,FALSE
"105",1074,21,2606,FALSE
"106",1037,21,2627,FALSE
"107",1314,21,2648,FALSE
"108",1066,21,2669,FALSE
"109",1201,21,2690,FALSE
"110",1182,21,2711,FALSE
"111",1115,21,2732,FALSE
"112",1084,21,2753,FALSE
"113",1119,21,2774,FALSE
"114",1100,21,2795,FALSE
"115",1106,21,2816,FALSE
"116",1224,21,2837,FALSE
"117",1431,21,2858,FALSE
"118",1097,20,2878,FALSE
"119",1031,20,2898,FALSE
"120",1096,20,2918,FALSE
"121",1120,20,2938,FALSE
"122",1123,20,2958,FALSE
"123",1203,20,2978,FALSE
"124",1011,20,2998,FALSE
"125",1239,20,3018,FALSE
"126",1230,20,3038,FALSE
"127",1055,20,3058,FALSE
"128",1376,20,3078,FALSE
"129",1420,20,3098,FALSE
"130",1124,20,3118,FALSE
"131",1069,20,3138,FALSE
"132",1233,20,3158,FALSE
"133",1140,20,3178,FALSE
"134",1122,20,3198,FALSE
"135",1211,20,3218,FALSE
"136",1113,20,3238,FALSE
"137",1090,20,3258,FALSE
"138",1024,20,3278,FALSE
"139",1180,20,3298,FALSE
"140",1110,20,3318,FALSE
"141",1234,19,3337,FALSE
"142",1063,19,3356,FALSE
"143",1141,19,3375,FALSE
"144",1136,19,3394,FALSE
"145",1181,19,3413,FALSE
"146",1032,19,3432,FALSE
"147",1251,19,3451,FALSE
"148",1178,19,3470,FALSE
"149",1169,19,3489,FALSE
"150",1172,19,3508,FALSE
"151",1038,19,3527,FALSE
"152",1193,19,3546,FALSE
"153",1089,19,3565,FALSE
"154",1164,19,3584,FALSE
"155",1070,19,3603,FALSE
"156",1289,19,3622,FALSE
"157",1217,19,3641,FALSE
"158",1236,19,3660,FALSE
"159",1082,19,3679,FALSE
"160",1186,19,3698,FALSE
"161",1009,19,3717,FALSE
"162",1286,19,3736,FALSE
"163",1366,18,3754,FALSE
"164",1257,18,3772,FALSE
"165",1049,18,3790,FALSE
"166",1133,18,3808,FALSE
"167",1244,18,3826,FALSE
"168",1461,18,3844,FALSE
"169",1317,18,3862,FALSE
"170",1086,18,3880,FALSE
"171",1088,18,3898,FALSE
"172",1153,18,3916,FALSE
"173",1297,18,3934,FALSE
"174",1364,18,3952,FALSE
"175",1210,18,3970,FALSE
"176",1247,18,3988,FALSE
"177",1415,18,4006,FALSE
"178",1599,18,4024,FALSE
"179",1215,18,4042,FALSE
"180",1117,18,4060,FALSE
"181",1134,18,4078,FALSE
"182",1271,18,4096,FALSE
"183",1204,18,4114,FALSE
"184",1620,18,4132,FALSE
"185",1001,18,4150,FALSE
"186",1146,18,4168,FALSE
"187",1241,18,4186,FALSE
"188",1362,18,4204,FALSE
"189",1170,18,4222,FALSE
"190",1118,18,4240,FALSE
"191",1409,18,4258,FALSE
"192",1163,18,4276,FALSE
"193",1303,17,4293,FALSE
"194",1128,17,4310,FALSE
"195",1450,17,4327,FALSE
"196",1360,17,4344,FALSE
"197",1048,17,4361,FALSE
"198",1256,17,4378,FALSE
"199",1293,17,4395,FALSE
"200",1308,17,4412,FALSE
"201",1214,17,4429,FALSE
"202",1432,17,4446,FALSE
"203",1196,17,4463,FALSE
"204",1255,17,4480,FALSE
"205",1205,17,4497,FALSE
"206",1156,17,4514,FALSE
"207",1301,17,4531,FALSE
"208",1083,17,4548,FALSE
"209",1165,17,4565,FALSE
"210",1400,17,4582,FALSE
"211",1109,17,4599,FALSE
"212",1116,17,4616,FALSE
"213",1276,17,4633,FALSE
"214",1145,17,4650,FALSE
"215",1058,17,4667,FALSE
"216",1349,17,4684,FALSE
"217",1129,17,4701,FALSE
"218",1298,17,4718,FALSE
"219",1243,17,4735,FALSE
"220",1171,17,4752,FALSE
"221",1248,16,4768,FALSE
"222",1228,16,4784,FALSE
"223",1423,16,4800,FALSE
"224",1497,16,4816,FALSE
"225",1104,16,4832,FALSE
"226",1227,16,4848,FALSE
"227",1174,16,4864,FALSE
"228",1333,16,4880,FALSE
"229",1137,16,4896,FALSE
"230",1373,16,4912,FALSE
"231",1101,16,4928,FALSE
"232",1395,16,4944,FALSE
"233",1328,16,4960,FALSE
"234",1103,16,4976,FALSE
"235",1566,16,4992,FALSE
"236",1331,16,5008,FALSE
"237",1166,16,5024,FALSE
"238",1005,16,5040,FALSE
"239",1222,16,5056,FALSE
"240",1197,16,5072,FALSE
"241",1272,16,5088,FALSE
"242",1346,16,5104,FALSE
"243",1226,16,5120,FALSE
"244",1411,16,5136,FALSE
"245",1267,16,5152,FALSE
"246",1442,16,5168,FALSE
"247",1324,16,5184,FALSE
"248",1348,16,5200,FALSE
"249",1275,16,5216,FALSE
"250",1237,16,5232,FALSE
"251",1150,16,5248,FALSE
"252",1131,16,5264,FALSE
"253",1350,16,5280,FALSE
"254",1595,16,5296,FALSE
"255",1377,16,5312,FALSE
"256",1183,16,5328,FALSE
"257",1316,16,5344,FALSE
"258",1268,16,5360,FALSE
"259",1353,15,5375,FALSE
"260",1557,15,5390,FALSE
"261",1488,15,5405,FALSE
"262",1216,15,5420,FALSE
"263",1369,15,5435,FALSE
"264",1674,15,5450,FALSE
"265",1319,15,5465,FALSE
"266",1630,15,5480,FALSE
"267",1277,15,5495,FALSE
"268",1167,15,5510,FALSE
"269",1142,15,5525,FALSE
"270",1447,15,5540,FALSE
"271",1184,15,5555,FALSE
"272",1238,15,5570,FALSE
"273",1347,15,5585,FALSE
"274",1375,15,5600,FALSE
"275",1498,15,5615,FALSE
"276",1386,15,5630,FALSE
"277",1232,15,5645,FALSE
"278",1143,15,5660,FALSE
"279",1428,15,5675,FALSE
"280",1471,15,5690,FALSE
"281",1282,15,5705,FALSE
"282",1221,15,5720,FALSE
"283",1517,15,5735,FALSE
"284",1513,15,5750,FALSE
"285",1537,15,5765,FALSE
"286",1322,15,5780,FALSE
"287",1493,15,5795,FALSE
"288",1132,15,5810,FALSE
"289",1195,15,5825,FALSE
"290",1406,15,5840,FALSE
"291",1402,15,5855,FALSE
"292",1312,15,5870,FALSE
"293",1198,15,5885,FALSE
"294",1188,15,5900,FALSE
"295",1300,15,5915,FALSE
"296",1285,15,5930,FALSE
"297",1283,15,5945,FALSE
"298",1159,15,5960,FALSE
"299",1287,15,5975,FALSE
"300",1288,15,5990,FALSE
"301",1341,15,6005,FALSE
"302",1099,15,6020,FALSE
"303",1359,15,6035,FALSE
"304",1262,15,6050,FALSE
"305",1321,15,6065,FALSE
"306",1273,15,6080,FALSE
"307",1254,15,6095,FALSE
"308",1452,14,6109,FALSE
"309",1279,14,6123,FALSE
"310",1416,14,6137,FALSE
"311",1299,14,6151,FALSE
"312",1337,14,6165,FALSE
"313",1521,14,6179,FALSE
"314",1202,14,6193,FALSE
"315",1284,14,6207,FALSE
"316",1152,14,6221,FALSE
"317",1050,14,6235,FALSE
"318",1223,14,6249,FALSE
"319",1515,14,6263,FALSE
"320",1270,14,6277,FALSE
"321",1160,14,6291,FALSE
"322",1391,14,6305,FALSE
"323",1462,14,6319,FALSE
"324",1365,14,6333,FALSE
"325",1213,14,6347,FALSE
"326",1212,14,6361,FALSE
"327",1370,14,6375,FALSE
"328",1192,14,6389,FALSE
"329",1332,14,6403,FALSE
"330",1589,14,6417,FALSE
"331",1531,14,6431,FALSE
"332",1208,14,6445,FALSE
"333",1486,14,6459,FALSE
"334",1726,14,6473,FALSE
"335",1401,14,6487,FALSE
"336",1274,14,6501,FALSE
"337",1519,14,6515,FALSE
"338",1572,14,6529,FALSE
"339",1087,14,6543,FALSE
"340",1453,14,6557,FALSE
"341",1389,14,6571,FALSE
"342",1313,14,6585,FALSE
"343",1417,14,6599,FALSE
"344",1808,14,6613,FALSE
"345",1340,14,6627,FALSE
"346",1380,14,6641,FALSE
"347",1474,14,6655,FALSE
"348",1067,14,6669,FALSE
"349",1218,14,6683,FALSE
"350",1334,14,6697,FALSE
"351",1130,14,6711,FALSE
"352",1463,13,6724,FALSE
"353",1393,13,6737,FALSE
"354",1320,13,6750,FALSE
"355",1920,13,6763,FALSE
"356",1457,13,6776,FALSE
"357",1548,13,6789,FALSE
"358",1207,13,6802,FALSE
"359",1384,13,6815,FALSE
"360",1094,13,6828,FALSE
"361",1816,13,6841,FALSE
"362",1534,13,6854,FALSE
"363",1190,13,6867,FALSE
"364",1456,13,6880,FALSE
"365",1489,13,6893,FALSE
"366",1430,13,6906,FALSE
"367",1008,13,6919,FALSE
"368",1533,13,6932,FALSE
"369",1355,13,6945,FALSE
"370",1046,13,6958,FALSE
"371",1512,13,6971,FALSE
"372",1358,13,6984,FALSE
"373",1444,13,6997,FALSE
"374",1643,13,7010,FALSE
"375",1700,13,7023,FALSE
"376",1550,13,7036,FALSE
"377",1330,13,7049,FALSE
"378",1179,13,7062,FALSE
"379",1933,13,7075,FALSE
"380",1245,13,7088,FALSE
"381",1173,13,7101,FALSE
"382",1399,13,7114,FALSE
"383",1542,13,7127,FALSE
"384",1669,13,7140,FALSE
"385",1445,13,7153,FALSE
"386",1278,13,7166,FALSE
"387",1592,13,7179,FALSE
"388",1600,13,7192,FALSE
"389",1575,13,7205,FALSE
"390",1596,13,7218,FALSE
"391",1562,13,7231,FALSE
"392",1148,13,7244,FALSE
"393",1311,13,7257,FALSE
"394",1259,13,7270,FALSE
"395",1785,13,7283,FALSE
"396",1761,13,7296,FALSE
"397",1985,13,7309,FALSE
"398",1161,13,7322,FALSE
"399",1840,13,7335,FALSE
"400",1309,13,7348,FALSE
"401",1813,13,7361,FALSE
"402",1235,12,7373,FALSE
"403",1527,12,7385,FALSE
"404",1343,12,7397,FALSE
"405",1546,12,7409,FALSE
"406",1325,12,7421,FALSE
"407",1745,12,7433,FALSE
"408",1425,12,7445,FALSE
"409",1769,12,7457,FALSE
"410",1529,12,7469,FALSE
"411",1593,12,7481,FALSE
"412",1240,12,7493,FALSE
"413",1449,12,7505,FALSE
"414",1410,12,7517,FALSE
"415",1421,12,7529,FALSE
"416",1590,12,7541,FALSE
"417",1503,12,7553,FALSE
"418",1699,12,7565,FALSE
"419",1788,12,7577,FALSE
"420",1524,12,7589,FALSE
"421",1189,12,7601,FALSE
"422",1518,12,7613,FALSE
"423",1175,12,7625,FALSE
"424",1327,12,7637,FALSE
"425",1187,12,7649,FALSE
"426",1269,12,7661,FALSE
"427",1374,12,7673,FALSE
"428",1408,12,7685,FALSE
"429",1357,12,7697,FALSE
"430",1305,12,7709,FALSE
"431",1229,12,7721,FALSE
"432",1499,12,7733,FALSE
"433",1476,12,7745,FALSE
"434",1516,12,7757,FALSE
"435",1730,12,7769,FALSE
"436",1194,12,7781,FALSE
"437",1451,12,7793,FALSE
"438",1310,12,7805,FALSE
"439",1363,12,7817,FALSE
"440",1545,12,7829,FALSE
"441",1209,12,7841,FALSE
"442",1435,12,7853,FALSE
"443",1292,12,7865,FALSE
"444",1378,12,7877,FALSE
"445",1496,12,7889,FALSE
"446",1294,12,7901,FALSE
"447",1688,12,7913,FALSE
"448",1144,11,7924,FALSE
"449",1780,11,7935,FALSE
"450",1514,11,7946,FALSE
"451",1520,11,7957,FALSE
"452",1854,11,7968,FALSE
"453",1909,11,7979,FALSE
"454",1304,11,7990,FALSE
"455",1528,11,8001,FALSE
"456",1678,11,8012,FALSE
"457",1563,11,8023,FALSE
"458",1703,11,8034,FALSE
"459",1261,11,8045,FALSE
"460",1478,11,8056,FALSE
"461",1485,11,8067,FALSE
"462",1352,11,8078,FALSE
"463",1225,11,8089,FALSE
"464",1472,11,8100,FALSE
"465",1929,11,8111,FALSE
"466",1379,11,8122,FALSE
"467",1419,11,8133,FALSE
"468",1076,11,8144,FALSE
"469",1773,11,8155,FALSE
"470",1387,11,8166,FALSE
"471",1621,11,8177,FALSE
"472",1382,11,8188,FALSE
"473",1842,11,8199,FALSE
"474",1695,11,8210,FALSE
"475",1948,11,8221,FALSE
"476",1504,11,8232,FALSE
"477",1547,11,8243,FALSE
"478",1636,11,8254,FALSE
"479",1339,11,8265,FALSE
"480",1464,11,8276,FALSE
"481",1397,11,8287,FALSE
"482",1440,11,8298,FALSE
"483",1657,11,8309,FALSE
"484",1484,11,8320,FALSE
"485",1479,11,8331,FALSE
"486",1606,11,8342,FALSE
"487",1371,11,8353,FALSE
"488",1732,11,8364,FALSE
"489",1427,11,8375,FALSE
"490",1932,11,8386,FALSE
"491",1800,11,8397,FALSE
"492",1585,11,8408,FALSE
"493",1469,11,8419,FALSE
"494",1610,11,8430,FALSE
"495",2300,11,8441,FALSE
"496",1526,11,8452,FALSE
"497",1668,11,8463,FALSE
"498",1541,11,8474,FALSE
"499",1628,11,8485,FALSE
"500",1338,11,8496,FALSE
"501",1647,11,8507,FALSE
"502",1242,11,8518,FALSE
"503",1753,11,8529,FALSE
"504",1729,11,8540,FALSE
"505",1342,11,8551,FALSE
"506",1706,11,8562,FALSE
"507",1796,11,8573,FALSE
"508",1291,11,8584,FALSE
"509",1670,11,8595,FALSE
"510",2148,11,8606,FALSE
"511",1403,11,8617,FALSE
"512",1746,11,8628,FALSE
"513",1836,11,8639,FALSE
"514",1601,11,8650,FALSE
"515",1810,11,8661,FALSE
"516",1446,11,8672,FALSE
"517",1470,11,8683,FALSE
"518",1454,11,8694,FALSE
"519",1833,10,8704,FALSE
"520",1638,10,8714,FALSE
"521",1502,10,8724,FALSE
"522",2306,10,8734,FALSE
"523",1424,10,8744,FALSE
"524",1460,10,8754,FALSE
"525",2483,10,8764,FALSE
"526",1538,10,8774,FALSE
"527",1249,10,8784,FALSE
"528",1398,10,8794,FALSE
"529",1803,10,8804,FALSE
"530",1368,10,8814,FALSE
"531",1677,10,8824,FALSE
"532",1749,10,8834,FALSE
"533",2024,10,8844,FALSE
"534",1385,10,8854,FALSE
"535",1560,10,8864,FALSE
"536",1648,10,8874,FALSE
"537",1250,10,8884,FALSE
"538",1555,10,8894,FALSE
"539",1830,10,8904,FALSE
"540",1744,10,8914,FALSE
"541",1673,10,8924,FALSE
"542",1873,10,8934,FALSE
"543",1315,10,8944,FALSE
"544",1837,10,8954,FALSE
"545",1253,10,8964,FALSE
"546",1467,10,8974,FALSE
"547",1396,10,8984,FALSE
"548",1372,10,8994,FALSE
"549",1302,10,9004,FALSE
"550",1684,10,9014,FALSE
"551",1622,10,9024,FALSE
"552",2385,10,9034,FALSE
"553",1481,10,9044,FALSE
"554",1704,10,9054,FALSE
"555",1263,10,9064,FALSE
"556",1246,10,9074,FALSE
"557",2003,10,9084,FALSE
"558",1475,10,9094,FALSE
"559",1710,10,9104,FALSE
"560",1501,10,9114,FALSE
"561",1607,10,9124,FALSE
"562",1318,10,9134,FALSE
"563",1388,10,9144,FALSE
"564",1522,10,9154,FALSE
"565",1351,10,9164,FALSE
"566",1664,10,9174,FALSE
"567",1624,10,9184,FALSE
"568",2167,10,9194,FALSE
"569",1568,10,9204,FALSE
"570",1757,10,9214,FALSE
"571",1433,10,9224,FALSE
"572",1544,10,9234,FALSE
"573",1413,10,9244,FALSE
"574",1771,10,9254,FALSE
"575",1736,10,9264,FALSE
"576",1781,10,9274,FALSE
"577",1494,10,9284,FALSE
"578",1741,10,9294,FALSE
"579",1405,10,9304,FALSE
"580",1483,10,9314,FALSE
"581",1468,10,9324,FALSE
"582",1701,10,9334,FALSE
"583",1511,10,9344,FALSE
"584",1702,10,9354,FALSE
"585",1656,10,9364,FALSE
"586",1581,10,9374,FALSE
"587",1991,10,9384,FALSE
"588",1721,10,9394,FALSE
"589",1591,9,9403,FALSE
"590",1820,9,9412,FALSE
"591",1439,9,9421,FALSE
"592",2113,9,9430,FALSE
"593",1530,9,9439,FALSE
"594",1381,9,9448,FALSE
"595",1307,9,9457,FALSE
"596",2145,9,9466,FALSE
"597",1418,9,9475,FALSE
"598",1775,9,9484,FALSE
"599",1660,9,9493,FALSE
"600",2103,9,9502,FALSE
"601",1443,9,9511,FALSE
"602",1414,9,9520,FALSE
"603",1394,9,9529,FALSE
"604",1866,9,9538,FALSE
"605",1426,9,9547,FALSE
"606",1390,9,9556,FALSE
"607",1651,9,9565,FALSE
"608",1747,9,9574,FALSE
"609",1961,9,9583,FALSE
"610",1737,9,9592,FALSE
"611",1903,9,9601,FALSE
"612",1827,9,9610,FALSE
"613",2025,9,9619,FALSE
"614",1465,9,9628,FALSE
"615",1712,9,9637,FALSE
"616",1539,9,9646,FALSE
"617",1915,9,9655,FALSE
"618",2059,9,9664,FALSE
"619",1864,9,9673,FALSE
"620",1127,9,9682,FALSE
"621",1616,9,9691,FALSE
"622",1535,9,9700,FALSE
"623",1459,9,9709,FALSE
"624",2189,9,9718,FALSE
"625",1295,9,9727,FALSE
"626",2045,9,9736,FALSE
"627",1698,9,9745,FALSE
"628",1686,9,9754,FALSE
"629",1336,9,9763,FALSE
"630",1392,9,9772,FALSE
"631",1649,9,9781,FALSE
"632",1455,9,9790,FALSE
"633",2151,9,9799,FALSE
"634",1264,9,9808,FALSE
"635",2134,9,9817,FALSE
"636",1711,9,9826,FALSE
"637",1323,9,9835,FALSE
"638",1569,9,9844,FALSE
"639",1326,9,9853,FALSE
"640",1505,9,9862,FALSE
"641",1743,9,9871,FALSE
"642",1735,9,9880,FALSE
"643",2448,9,9889,FALSE
"644",1490,9,9898,FALSE
"645",1654,9,9907,FALSE
"646",1717,9,9916,FALSE
"647",1458,9,9925,FALSE
"648",1942,9,9934,FALSE
"649",1594,9,9943,FALSE
"650",1778,9,9952,FALSE
"651",1662,9,9961,FALSE
"652",1652,9,9970,FALSE
"653",1633,9,9979,FALSE
"654",1858,9,9988,FALSE
"655",1789,9,9997,FALSE
"656",1567,9,10006,FALSE
"657",1642,9,10015,FALSE
"658",2029,9,10024,FALSE
"659",1404,9,10033,FALSE
"660",1570,8,10041,FALSE
"661",1495,8,10049,FALSE
"662",1584,8,10057,FALSE
"663",1725,8,10065,FALSE
"664",2081,8,10073,FALSE
"665",2417,8,10081,FALSE
"666",1598,8,10089,FALSE
"667",1609,8,10097,FALSE
"668",1770,8,10105,FALSE
"669",1473,8,10113,FALSE
"670",1551,8,10121,FALSE
"671",2224,8,10129,FALSE
"672",2075,8,10137,FALSE
"673",1697,8,10145,FALSE
"674",1862,8,10153,FALSE
"675",1924,8,10161,FALSE
"676",1354,8,10169,FALSE
"677",1969,8,10177,FALSE
"678",1977,8,10185,FALSE
"679",1945,8,10193,FALSE
"680",1508,8,10201,FALSE
"681",1751,8,10209,FALSE
"682",2378,8,10217,FALSE
"683",1872,8,10225,FALSE
"684",1876,8,10233,FALSE
"685",1659,8,10241,FALSE
"686",2295,8,10249,FALSE
"687",1344,8,10257,FALSE
"688",1412,8,10265,FALSE
"689",1882,8,10273,FALSE
"690",2133,8,10281,FALSE
"691",1708,8,10289,FALSE
"692",1787,8,10297,FALSE
"693",1665,8,10305,FALSE
"694",2118,8,10313,FALSE
"695",1661,8,10321,FALSE
"696",2457,8,10329,FALSE
"697",1645,8,10337,FALSE
"698",1964,8,10345,FALSE
"699",1733,8,10353,FALSE
"700",1361,8,10361,FALSE
"701",1963,8,10369,FALSE
"702",1720,8,10377,FALSE
"703",1556,8,10385,FALSE
"704",2682,8,10393,FALSE
"705",1790,8,10401,FALSE
"706",1860,8,10409,FALSE
"707",1611,8,10417,FALSE
"708",1880,8,10425,FALSE
"709",1466,8,10433,FALSE
"710",2704,8,10441,FALSE
"711",1911,8,10449,FALSE
"712",2868,8,10457,FALSE
"713",1627,8,10465,FALSE
"714",2296,8,10473,FALSE
"715",2017,8,10481,FALSE
"716",1724,8,10489,FALSE
"717",1612,8,10497,FALSE
"718",1795,8,10505,FALSE
"719",1877,8,10513,FALSE
"720",1367,8,10521,FALSE
"721",1306,8,10529,FALSE
"722",1558,8,10537,FALSE
"723",2087,8,10545,FALSE
"724",1979,8,10553,FALSE
"725",1510,8,10561,FALSE
"726",1335,8,10569,FALSE
"727",1892,8,10577,FALSE
"728",1681,8,10585,FALSE
"729",2101,8,10593,FALSE
"730",1602,8,10601,FALSE
"731",1754,8,10609,FALSE
"732",1831,8,10617,FALSE
"733",1500,8,10625,FALSE
"734",1185,8,10633,FALSE
"735",1834,8,10641,FALSE
"736",2076,8,10649,FALSE
"737",1722,8,10657,FALSE
"738",1786,8,10665,FALSE
"739",1507,8,10673,FALSE
"740",1509,8,10681,FALSE
"741",2554,8,10689,FALSE
"742",1728,8,10697,FALSE
"743",1671,8,10705,FALSE
"744",1629,8,10713,FALSE
"745",1672,8,10721,FALSE
"746",2083,8,10729,FALSE
"747",1631,8,10737,FALSE
"748",1549,8,10745,FALSE
"749",1525,8,10753,FALSE
"750",1766,8,10761,FALSE
"751",2143,8,10769,FALSE
"752",2276,8,10777,FALSE
"753",1614,8,10785,FALSE
"754",1329,7,10792,FALSE
"755",1762,7,10799,FALSE
"756",1822,7,10806,FALSE
"757",1783,7,10813,FALSE
"758",2090,7,10820,FALSE
"759",3782,7,10827,FALSE
"760",1650,7,10834,FALSE
"761",1574,7,10841,FALSE
"762",1784,7,10848,FALSE
"763",2244,7,10855,FALSE
"764",1679,7,10862,FALSE
"765",1280,7,10869,FALSE
"766",2308,7,10876,FALSE
"767",2207,7,10883,FALSE
"768",1438,7,10890,FALSE
"769",1738,7,10897,FALSE
"770",2433,7,10904,FALSE
"771",1565,7,10911,FALSE
"772",2334,7,10918,FALSE
"773",1913,7,10925,FALSE
"774",2265,7,10932,FALSE
"775",2558,7,10939,FALSE
"776",1429,7,10946,FALSE
"777",2140,7,10953,FALSE
"778",2522,7,10960,FALSE
"779",1823,7,10967,FALSE
"780",1794,7,10974,FALSE
"781",2027,7,10981,FALSE
"782",2088,7,10988,FALSE
"783",1914,7,10995,FALSE
"784",1889,7,11002,FALSE
"785",2182,7,11009,FALSE
"786",1828,7,11016,FALSE
"787",1571,7,11023,FALSE
"788",1815,7,11030,FALSE
"789",1835,7,11037,FALSE
"790",2358,7,11044,FALSE
"791",2282,7,11051,FALSE
"792",1637,7,11058,FALSE
"793",1715,7,11065,FALSE
"794",1974,7,11072,FALSE
"795",1949,7,11079,FALSE
"796",1817,7,11086,FALSE
"797",1919,7,11093,FALSE
"798",1605,7,11100,FALSE
"799",2256,7,11107,FALSE
"800",1448,7,11114,FALSE
"801",1536,7,11121,FALSE
"802",1760,7,11128,FALSE
"803",1907,7,11135,FALSE
"804",2138,7,11142,FALSE
"805",1936,7,11149,FALSE
"806",2007,7,11156,FALSE
"807",1573,7,11163,FALSE
"808",2648,7,11170,FALSE
"809",1696,7,11177,FALSE
"810",1777,7,11184,FALSE
"811",1597,7,11191,FALSE
"812",1917,7,11198,FALSE
"813",1849,7,11205,FALSE
"814",1847,7,11212,FALSE
"815",1553,7,11219,FALSE
"816",1845,7,11226,FALSE
"817",1691,7,11233,FALSE
"818",1588,7,11240,FALSE
"819",2043,7,11247,FALSE
"820",2208,7,11254,FALSE
"821",2375,7,11261,FALSE
"822",1957,7,11268,FALSE
"823",1356,7,11275,FALSE
"824",2645,7,11282,FALSE
"825",2563,7,11289,FALSE
"826",3035,7,11296,FALSE
"827",2053,7,11303,FALSE
"828",1894,7,11310,FALSE
"829",1580,7,11317,FALSE
"830",1615,7,11324,FALSE
"831",1716,7,11331,FALSE
"832",2152,7,11338,FALSE
"833",2105,7,11345,FALSE
"834",1487,7,11352,FALSE
"835",1765,7,11359,FALSE
"836",2127,7,11366,FALSE
"837",1506,7,11373,FALSE
"838",1878,7,11380,FALSE
"839",2601,7,11387,FALSE
"840",2797,7,11394,FALSE
"841",2328,7,11401,FALSE
"842",2048,7,11408,FALSE
"843",1586,7,11415,FALSE
"844",1970,7,11422,FALSE
"845",1891,7,11429,FALSE
"846",2121,7,11436,FALSE
"847",1779,7,11443,FALSE
"848",2210,7,11450,FALSE
"849",2382,7,11457,FALSE
"850",2313,7,11464,FALSE
"851",1973,7,11471,FALSE
"852",1655,7,11478,FALSE
"853",2219,7,11485,FALSE
"854",1731,7,11492,FALSE
"855",1477,7,11499,FALSE
"856",2016,7,11506,FALSE
"857",1824,7,11513,FALSE
"858",2114,7,11520,FALSE
"859",1576,7,11527,FALSE
"860",1893,7,11534,FALSE
"861",2551,7,11541,FALSE
"862",2600,7,11548,FALSE
"863",2015,7,11555,FALSE
"864",2203,7,11562,FALSE
"865",1690,7,11569,FALSE
"866",1646,7,11576,FALSE
"867",1663,7,11583,FALSE
"868",1826,7,11590,FALSE
"869",1850,7,11597,FALSE
"870",1809,7,11604,FALSE
"871",1865,7,11611,FALSE
"872",2461,7,11618,FALSE
"873",1718,7,11625,FALSE
"874",1608,6,11631,FALSE
"875",2211,6,11637,FALSE
"876",1982,6,11643,FALSE
"877",1532,6,11649,FALSE
"878",2095,6,11655,FALSE
"879",2097,6,11661,FALSE
"880",2046,6,11667,FALSE
"881",2150,6,11673,FALSE
"882",2550,6,11679,FALSE
"883",1881,6,11685,FALSE
"884",2042,6,11691,FALSE
"885",1886,6,11697,FALSE
"886",1559,6,11703,FALSE
"887",2717,6,11709,FALSE
"888",1801,6,11715,FALSE
"889",3690,6,11721,FALSE
"890",2611,6,11727,FALSE
"891",1774,6,11733,FALSE
"892",2938,6,11739,FALSE
"893",1582,6,11745,FALSE
"894",2286,6,11751,FALSE
"895",2546,6,11757,FALSE
"896",1617,6,11763,FALSE
"897",2361,6,11769,FALSE
"898",3067,6,11775,FALSE
"899",1776,6,11781,FALSE
"900",2920,6,11787,FALSE
"901",1906,6,11793,FALSE
"902",2415,6,11799,FALSE
"903",2317,6,11805,FALSE
"904",2623,6,11811,FALSE
"905",2084,6,11817,FALSE
"906",1928,6,11823,FALSE
"907",1968,6,11829,FALSE
"908",1802,6,11835,FALSE
"909",2078,6,11841,FALSE
"910",3507,6,11847,FALSE
"911",1619,6,11853,FALSE
"912",2231,6,11859,FALSE
"913",2301,6,11865,FALSE
"914",1482,6,11871,FALSE
"915",1874,6,11877,FALSE
"916",1887,6,11883,FALSE
"917",1955,6,11889,FALSE
"918",2949,6,11895,FALSE
"919",3377,6,11901,FALSE
"920",2303,6,11907,FALSE
"921",2606,6,11913,FALSE
"922",1564,6,11919,FALSE
"923",1908,6,11925,FALSE
"924",2066,6,11931,FALSE
"925",1912,6,11937,FALSE
"926",1805,6,11943,FALSE
"927",1818,6,11949,FALSE
"928",2062,6,11955,FALSE
"929",1861,6,11961,FALSE
"930",2632,6,11967,FALSE
"931",2489,6,11973,FALSE
"932",2342,6,11979,FALSE
"933",2547,6,11985,FALSE
"934",1434,6,11991,FALSE
"935",2906,6,11997,FALSE
"936",2272,6,12003,FALSE
"937",2236,6,12009,FALSE
"938",2816,6,12015,FALSE
"939",2683,6,12021,FALSE
"940",2609,6,12027,FALSE
"941",2038,6,12033,FALSE
"942",1436,6,12039,FALSE
"943",1896,6,12045,FALSE
"944",2462,6,12051,FALSE
"945",2234,6,12057,FALSE
"946",1604,6,12063,FALSE
"947",1772,6,12069,FALSE
"948",2568,6,12075,FALSE
"949",2039,6,12081,FALSE
"950",2696,6,12087,FALSE
"951",2725,6,12093,FALSE
"952",2055,6,12099,FALSE
"953",1626,6,12105,FALSE
"954",1758,6,12111,FALSE
"955",2669,6,12117,FALSE
"956",1811,6,12123,FALSE
"957",2019,6,12129,FALSE
"958",2777,6,12135,FALSE
"959",2213,6,12141,FALSE
"960",1714,6,12147,FALSE
"961",3393,6,12153,FALSE
"962",3186,6,12159,FALSE
"963",1577,6,12165,FALSE
"964",2065,6,12171,FALSE
"965",3224,6,12177,FALSE
"966",2063,6,12183,FALSE
"967",2119,6,12189,FALSE
"968",2850,6,12195,FALSE
"969",1641,6,12201,FALSE
"970",2264,6,12207,FALSE
"971",1958,6,12213,FALSE
"972",2926,6,12219,FALSE
"973",1782,6,12225,FALSE
"974",3547,6,12231,FALSE
"975",1814,6,12237,FALSE
"976",2102,6,12243,FALSE
"977",1618,6,12249,FALSE
"978",2427,6,12255,FALSE
"979",1994,6,12261,FALSE
"980",3023,6,12267,FALSE
"981",2453,6,12273,FALSE
"982",1437,6,12279,FALSE
"983",1934,6,12285,FALSE
"984",1883,6,12291,FALSE
"985",1694,6,12297,FALSE
"986",1653,6,12303,FALSE
"987",2191,6,12309,FALSE
"988",2056,6,12315,FALSE
"989",2302,6,12321,FALSE
"990",1623,6,12327,FALSE
"991",1939,6,12333,FALSE
"992",1983,6,12339,FALSE
"993",2307,6,12345,FALSE
"994",2671,6,12351,FALSE
"995",3178,6,12357,FALSE
"996",1986,6,12363,FALSE
"997",2407,6,12369,FALSE
"998",1980,6,12375,FALSE
"999",1625,6,12381,FALSE
"1000",1993,6,12387,FALSE
"1001",1579,6,12393,FALSE
"1002",2675,6,12399,FALSE
"1003",1844,6,12405,FALSE
"1004",1441,6,12411,FALSE
"1005",2331,6,12417,FALSE
"1006",2184,6,12423,FALSE
"1007",1954,6,12429,FALSE
"1008",1962,6,12435,FALSE
"1009",2204,6,12441,FALSE
"1010",2099,6,12447,FALSE
"1011",1543,6,12453,FALSE
"1012",2100,6,12459,FALSE
"1013",2166,6,12465,FALSE
"1014",2271,6,12471,FALSE
"1015",1752,6,12477,FALSE
"1016",1989,6,12483,FALSE
"1017",1742,6,12489,FALSE
"1018",2410,6,12495,FALSE
"1019",1984,6,12501,FALSE
"1020",2037,6,12507,FALSE
"1021",2677,6,12513,FALSE
"1022",1819,6,12519,FALSE
"1023",2858,6,12525,FALSE
"1024",2445,6,12531,FALSE
"1025",1792,6,12537,FALSE
"1026",2249,6,12543,FALSE
"1027",2129,6,12549,FALSE
"1028",1875,6,12555,FALSE
"1029",2041,6,12561,FALSE
"1030",1879,6,12567,FALSE
"1031",2206,6,12573,FALSE
"1032",1756,6,12579,FALSE
"1033",1996,6,12585,FALSE
"1034",1682,5,12590,FALSE
"1035",2372,5,12595,FALSE
"1036",1923,5,12600,FALSE
"1037",3440,5,12605,FALSE
"1038",2220,5,12610,FALSE
"1039",2655,5,12615,FALSE
"1040",3776,5,12620,FALSE
"1041",2186,5,12625,FALSE
"1042",2428,5,12630,FALSE
"1043",2396,5,12635,FALSE
"1044",2290,5,12640,FALSE
"1045",3048,5,12645,FALSE
"1046",2576,5,12650,FALSE
"1047",2195,5,12655,FALSE
"1048",2161,5,12660,FALSE
"1049",1839,5,12665,FALSE
"1050",1639,5,12670,FALSE
"1051",1956,5,12675,FALSE
"1052",1685,5,12680,FALSE
"1053",2460,5,12685,FALSE
"1054",3053,5,12690,FALSE
"1055",2621,5,12695,FALSE
"1056",1561,5,12700,FALSE
"1057",2413,5,12705,FALSE
"1058",2139,5,12710,FALSE
"1059",2054,5,12715,FALSE
"1060",2086,5,12720,FALSE
"1061",2125,5,12725,FALSE
"1062",2153,5,12730,FALSE
"1063",2214,5,12735,FALSE
"1064",3121,5,12740,FALSE
"1065",2873,5,12745,FALSE
"1066",3046,5,12750,FALSE
"1067",2346,5,12755,FALSE
"1068",1491,5,12760,FALSE
"1069",2490,5,12765,FALSE
"1070",1855,5,12770,FALSE
"1071",2329,5,12775,FALSE
"1072",3085,5,12780,FALSE
"1073",3293,5,12785,FALSE
"1074",2254,5,12790,FALSE
"1075",3117,5,12795,FALSE
"1076",2344,5,12800,FALSE
"1077",2399,5,12805,FALSE
"1078",1676,5,12810,FALSE
"1079",2353,5,12815,FALSE
"1080",3496,5,12820,FALSE
"1081",2136,5,12825,FALSE
"1082",1759,5,12830,FALSE
"1083",1734,5,12835,FALSE
"1084",3207,5,12840,FALSE
"1085",2009,5,12845,FALSE
"1086",2241,5,12850,FALSE
"1087",2712,5,12855,FALSE
"1088",2192,5,12860,FALSE
"1089",2946,5,12865,FALSE
"1090",3749,5,12870,FALSE
"1091",1938,5,12875,FALSE
"1092",2227,5,12880,FALSE
"1093",1407,5,12885,FALSE
"1094",2226,5,12890,FALSE
"1095",2825,5,12895,FALSE
"1096",2968,5,12900,FALSE
"1097",1675,5,12905,FALSE
"1098",2034,5,12910,FALSE
"1099",3185,5,12915,FALSE
"1100",2355,5,12920,FALSE
"1101",2141,5,12925,FALSE
"1102",2147,5,12930,FALSE
"1103",2366,5,12935,FALSE
"1104",1666,5,12940,FALSE
"1105",2641,5,12945,FALSE
"1106",1540,5,12950,FALSE
"1107",1910,5,12955,FALSE
"1108",2036,5,12960,FALSE
"1109",1905,5,12965,FALSE
"1110",2504,5,12970,FALSE
"1111",2262,5,12975,FALSE
"1112",2754,5,12980,FALSE
"1113",2291,5,12985,FALSE
"1114",2268,5,12990,FALSE
"1115",3558,5,12995,FALSE
"1116",1953,5,13000,FALSE
"1117",2255,5,13005,FALSE
"1118",3175,5,13010,FALSE
"1119",2487,5,13015,FALSE
"1120",1383,5,13020,FALSE
"1121",2820,5,13025,FALSE
"1122",2061,5,13030,FALSE
"1123",2883,5,13035,FALSE
"1124",2162,5,13040,FALSE
"1125",2455,5,13045,FALSE
"1126",2333,5,13050,FALSE
"1127",1995,5,13055,FALSE
"1128",1852,5,13060,FALSE
"1129",3612,5,13065,FALSE
"1130",2573,5,13070,FALSE
"1131",1829,5,13075,FALSE
"1132",3358,5,13080,FALSE
"1133",2340,5,13085,FALSE
"1134",1918,5,13090,FALSE
"1135",1587,5,13095,FALSE
"1136",1687,5,13100,FALSE
"1137",3114,5,13105,FALSE
"1138",1748,5,13110,FALSE
"1139",2280,5,13115,FALSE
"1140",2018,5,13120,FALSE
"1141",1946,5,13125,FALSE
"1142",1640,5,13130,FALSE
"1143",2023,5,13135,FALSE
"1144",1554,5,13140,FALSE
"1145",1926,5,13145,FALSE
"1146",2283,5,13150,FALSE
"1147",3013,5,13155,FALSE
"1148",1583,5,13160,FALSE
"1149",1658,5,13165,FALSE
"1150",2352,5,13170,FALSE
"1151",1768,5,13175,FALSE
"1152",2771,5,13180,FALSE
"1153",1680,5,13185,FALSE
"1154",2464,5,13190,FALSE
"1155",1727,5,13195,FALSE
"1156",2156,5,13200,FALSE
"1157",3223,5,13205,FALSE
"1158",2874,5,13210,FALSE
"1159",2345,5,13215,FALSE
"1160",1867,5,13220,FALSE
"1161",3324,5,13225,FALSE
"1162",3820,5,13230,FALSE
"1163",2768,5,13235,FALSE
"1164",3213,5,13240,FALSE
"1165",2144,5,13245,FALSE
"1166",2667,5,13250,FALSE
"1167",1863,5,13255,FALSE
"1168",2080,5,13260,FALSE
"1169",2679,5,13265,FALSE
"1170",4409,5,13270,FALSE
"1171",3027,5,13275,FALSE
"1172",1950,5,13280,FALSE
"1173",2412,5,13285,FALSE
"1174",2571,5,13290,FALSE
"1175",3094,5,13295,FALSE
"1176",1707,5,13300,FALSE
"1177",2492,5,13305,FALSE
"1178",2527,5,13310,FALSE
"1179",1941,5,13315,FALSE
"1180",2871,5,13320,FALSE
"1181",2541,5,13325,FALSE
"1182",3043,5,13330,FALSE
"1183",1634,5,13335,FALSE
"1184",2209,5,13340,FALSE
"1185",1812,5,13345,FALSE
"1186",1838,5,13350,FALSE
"1187",1797,5,13355,FALSE
"1188",2430,5,13360,FALSE
"1189",4265,5,13365,FALSE
"1190",1799,5,13370,FALSE
"1191",3056,5,13375,FALSE
"1192",2050,5,13380,FALSE
"1193",2277,5,13385,FALSE
"1194",2607,5,13390,FALSE
"1195",1689,5,13395,FALSE
"1196",2164,5,13400,FALSE
"1197",2008,5,13405,FALSE
"1198",2193,5,13410,FALSE
"1199",2493,5,13415,FALSE
"1200",1988,5,13420,FALSE
"1201",2108,5,13425,FALSE
"1202",3669,5,13430,FALSE
"1203",4137,5,13435,FALSE
"1204",2270,5,13440,FALSE
"1205",2940,5,13445,FALSE
"1206",3135,5,13450,FALSE
"1207",2205,5,13455,FALSE
"1208",2200,5,13460,FALSE
"1209",1925,5,13465,FALSE
"1210",3107,5,13470,FALSE
"1211",2335,5,13475,FALSE
"1212",2371,5,13480,FALSE
"1213",2831,5,13485,FALSE
"1214",1723,5,13490,FALSE
"1215",2111,5,13495,FALSE
"1216",2068,5,13500,FALSE
"1217",2534,5,13505,FALSE
"1218",1806,5,13510,FALSE
"1219",3257,5,13515,FALSE
"1220",2393,5,13520,FALSE
"1221",2420,5,13525,FALSE
"1222",2481,5,13530,FALSE
"1223",3115,5,13535,FALSE
"1224",2697,5,13540,FALSE
"1225",1763,5,13545,FALSE
"1226",3333,5,13550,FALSE
"1227",1859,5,13555,FALSE
"1228",2202,5,13560,FALSE
"1229",2131,5,13565,FALSE
"1230",2693,5,13570,FALSE
"1231",3883,5,13575,FALSE
"1232",2466,5,13580,FALSE
"1233",2222,5,13585,FALSE
"1234",2339,5,13590,FALSE
"1235",2115,5,13595,FALSE
"1236",2508,5,13600,FALSE
"1237",2310,5,13605,FALSE
"1238",1899,5,13610,FALSE
"1239",2700,5,13615,FALSE
"1240",1853,5,13620,FALSE
"1241",1998,5,13625,FALSE
"1242",2000,5,13630,FALSE
"1243",2028,5,13635,FALSE
"1244",2311,5,13640,FALSE
"1245",1981,5,13645,FALSE
"1246",1947,5,13650,FALSE
"1247",2051,5,13655,FALSE
"1248",2726,5,13660,FALSE
"1249",2014,4,13664,FALSE
"1250",1603,4,13668,FALSE
"1251",2851,4,13672,FALSE
"1252",2485,4,13676,FALSE
"1253",2085,4,13680,FALSE
"1254",2104,4,13684,FALSE
"1255",2652,4,13688,FALSE
"1256",2724,4,13692,FALSE
"1257",1719,4,13696,FALSE
"1258",2555,4,13700,FALSE
"1259",3503,4,13704,FALSE
"1260",3671,4,13708,FALSE
"1261",3466,4,13712,FALSE
"1262",1692,4,13716,FALSE
"1263",2247,4,13720,FALSE
"1264",2649,4,13724,FALSE
"1265",1578,4,13728,FALSE
"1266",2218,4,13732,FALSE
"1267",3195,4,13736,FALSE
"1268",2091,4,13740,FALSE
"1269",3331,4,13744,FALSE
"1270",2708,4,13748,FALSE
"1271",5133,4,13752,FALSE
"1272",2093,4,13756,FALSE
"1273",2336,4,13760,FALSE
"1274",2117,4,13764,FALSE
"1275",2294,4,13768,FALSE
"1276",2811,4,13772,FALSE
"1277",2703,4,13776,FALSE
"1278",2963,4,13780,FALSE
"1279",3871,4,13784,FALSE
"1280",2876,4,13788,FALSE
"1281",3162,4,13792,FALSE
"1282",2694,4,13796,FALSE
"1283",2496,4,13800,FALSE
"1284",2128,4,13804,FALSE
"1285",1960,4,13808,FALSE
"1286",1965,4,13812,FALSE
"1287",1635,4,13816,FALSE
"1288",1798,4,13820,FALSE
"1289",2179,4,13824,FALSE
"1290",2026,4,13828,FALSE
"1291",3314,4,13832,FALSE
"1292",2447,4,13836,FALSE
"1293",2243,4,13840,FALSE
"1294",2622,4,13844,FALSE
"1295",1793,4,13848,FALSE
"1296",2002,4,13852,FALSE
"1297",2687,4,13856,FALSE
"1298",3232,4,13860,FALSE
"1299",2248,4,13864,FALSE
"1300",1821,4,13868,FALSE
"1301",1927,4,13872,FALSE
"1302",2895,4,13876,FALSE
"1303",3381,4,13880,FALSE
"1304",3980,4,13884,FALSE
"1305",2847,4,13888,FALSE
"1306",1999,4,13892,FALSE
"1307",2664,4,13896,FALSE
"1308",3330,4,13900,FALSE
"1309",3530,4,13904,FALSE
"1310",1900,4,13908,FALSE
"1311",1856,4,13912,FALSE
"1312",1870,4,13916,FALSE
"1313",2830,4,13920,FALSE
"1314",2281,4,13924,FALSE
"1315",2728,4,13928,FALSE
"1316",2135,4,13932,FALSE
"1317",2021,4,13936,FALSE
"1318",2819,4,13940,FALSE
"1319",2185,4,13944,FALSE
"1320",2223,4,13948,FALSE
"1321",3290,4,13952,FALSE
"1322",2250,4,13956,FALSE
"1323",2662,4,13960,FALSE
"1324",3568,4,13964,FALSE
"1325",3282,4,13968,FALSE
"1326",1966,4,13972,FALSE
"1327",2405,4,13976,FALSE
"1328",2996,4,13980,FALSE
"1329",2781,4,13984,FALSE
"1330",2010,4,13988,FALSE
"1331",2934,4,13992,FALSE
"1332",2284,4,13996,FALSE
"1333",2397,4,14000,FALSE
"1334",2798,4,14004,FALSE
"1335",2252,4,14008,FALSE
"1336",3501,4,14012,FALSE
"1337",2735,4,14016,FALSE
"1338",3426,4,14020,FALSE
"1339",3267,4,14024,FALSE
"1340",1804,4,14028,FALSE
"1341",2812,4,14032,FALSE
"1342",1750,4,14036,FALSE
"1343",2351,4,14040,FALSE
"1344",1683,4,14044,FALSE
"1345",1857,4,14048,FALSE
"1346",2818,4,14052,FALSE
"1347",3328,4,14056,FALSE
"1348",2130,4,14060,FALSE
"1349",2229,4,14064,FALSE
"1350",2321,4,14068,FALSE
"1351",3197,4,14072,FALSE
"1352",2465,4,14076,FALSE
"1353",3088,4,14080,FALSE
"1354",3187,4,14084,FALSE
"1355",3159,4,14088,FALSE
"1356",2197,4,14092,FALSE
"1357",3155,4,14096,FALSE
"1358",2514,4,14100,FALSE
"1359",2616,4,14104,FALSE
"1360",2505,4,14108,FALSE
"1361",4623,4,14112,FALSE
"1362",2350,4,14116,FALSE
"1363",1613,4,14120,FALSE
"1364",2637,4,14124,FALSE
"1365",2242,4,14128,FALSE
"1366",2912,4,14132,FALSE
"1367",3222,4,14136,FALSE
"1368",3125,4,14140,FALSE
"1369",2005,4,14144,FALSE
"1370",3270,4,14148,FALSE
"1371",2123,4,14152,FALSE
"1372",3727,4,14156,FALSE
"1373",1739,4,14160,FALSE
"1374",2839,4,14164,FALSE
"1375",2657,4,14168,FALSE
"1376",2406,4,14172,FALSE
"1377",3311,4,14176,FALSE
"1378",4458,4,14180,FALSE
"1379",2052,4,14184,FALSE
"1380",2509,4,14188,FALSE
"1381",4003,4,14192,FALSE
"1382",2870,4,14196,FALSE
"1383",2584,4,14200,FALSE
"1384",2564,4,14204,FALSE
"1385",2628,4,14208,FALSE
"1386",2359,4,14212,FALSE
"1387",2668,4,14216,FALSE
"1388",2476,4,14220,FALSE
"1389",2158,4,14224,FALSE
"1390",4300,4,14228,FALSE
"1391",3781,4,14232,FALSE
"1392",2293,4,14236,FALSE
"1393",2561,4,14240,FALSE
"1394",2432,4,14244,FALSE
"1395",2658,4,14248,FALSE
"1396",2472,4,14252,FALSE
"1397",2484,4,14256,FALSE
"1398",1921,4,14260,FALSE
"1399",3609,4,14264,FALSE
"1400",4207,4,14268,FALSE
"1401",2098,4,14272,FALSE
"1402",3183,4,14276,FALSE
"1403",2388,4,14280,FALSE
"1404",2367,4,14284,FALSE
"1405",2690,4,14288,FALSE
"1406",2082,4,14292,FALSE
"1407",2070,4,14296,FALSE
"1408",1987,4,14300,FALSE
"1409",3437,4,14304,FALSE
"1410",2327,4,14308,FALSE
"1411",1895,4,14312,FALSE
"1412",2650,4,14316,FALSE
"1413",1667,4,14320,FALSE
"1414",2137,4,14324,FALSE
"1415",2784,4,14328,FALSE
"1416",2199,4,14332,FALSE
"1417",3098,4,14336,FALSE
"1418",2257,4,14340,FALSE
"1419",1843,4,14344,FALSE
"1420",4066,4,14348,FALSE
"1421",2201,4,14352,FALSE
"1422",2595,4,14356,FALSE
"1423",2446,4,14360,FALSE
"1424",2471,4,14364,FALSE
"1425",2647,4,14368,FALSE
"1426",2715,4,14372,FALSE
"1427",1940,4,14376,FALSE
"1428",2577,4,14380,FALSE
"1429",1904,4,14384,FALSE
"1430",1884,4,14388,FALSE
"1431",2060,4,14392,FALSE
"1432",4296,4,14396,FALSE
"1433",2304,4,14400,FALSE
"1434",2932,4,14404,FALSE
"1435",3858,4,14408,FALSE
"1436",2437,4,14412,FALSE
"1437",2612,4,14416,FALSE
"1438",2168,4,14420,FALSE
"1439",4018,4,14424,FALSE
"1440",2479,4,14428,FALSE
"1441",2627,4,14432,FALSE
"1442",3581,4,14436,FALSE
"1443",2320,4,14440,FALSE
"1444",2532,4,14444,FALSE
"1445",2067,4,14448,FALSE
"1446",3227,4,14452,FALSE
"1447",2112,4,14456,FALSE
"1448",2691,4,14460,FALSE
"1449",2069,4,14464,FALSE
"1450",4317,4,14468,FALSE
"1451",2418,4,14472,FALSE
"1452",4901,4,14476,FALSE
"1453",2676,4,14480,FALSE
"1454",2035,4,14484,FALSE
"1455",2583,4,14488,FALSE
"1456",1897,4,14492,FALSE
"1457",2452,4,14496,FALSE
"1458",2221,4,14500,FALSE
"1459",4210,4,14504,FALSE
"1460",1807,4,14508,FALSE
"1461",2459,4,14512,FALSE
"1462",2659,4,14516,FALSE
"1463",2566,4,14520,FALSE
"1464",2142,4,14524,FALSE
"1465",6466,4,14528,FALSE
"1466",2707,4,14532,FALSE
"1467",2937,4,14536,FALSE
"1468",2073,4,14540,FALSE
"1469",3643,4,14544,FALSE
"1470",3395,4,14548,FALSE
"1471",1902,4,14552,FALSE
"1472",1971,4,14556,FALSE
"1473",3403,4,14560,FALSE
"1474",2510,4,14564,FALSE
"1475",2438,4,14568,FALSE
"1476",2376,4,14572,FALSE
"1477",4261,4,14576,FALSE
"1478",13493,4,14580,FALSE
"1479",1841,4,14584,FALSE
"1480",2159,4,14588,FALSE
"1481",2160,4,14592,FALSE
"1482",2183,4,14596,FALSE
"1483",2267,4,14600,FALSE
"1484",4084,4,14604,FALSE
"1485",4981,4,14608,FALSE
"1486",3966,4,14612,FALSE
"1487",2924,4,14616,FALSE
"1488",2589,4,14620,FALSE
"1489",2960,4,14624,FALSE
"1490",3596,4,14628,FALSE
"1491",2823,4,14632,FALSE
"1492",2030,4,14636,FALSE
"1493",3214,4,14640,FALSE
"1494",4782,4,14644,FALSE
"1495",1935,4,14648,FALSE
"1496",3009,4,14652,FALSE
"1497",2624,4,14656,FALSE
"1498",2259,4,14660,FALSE
"1499",2044,4,14664,FALSE
"1500",2569,4,14668,FALSE
"1501",2194,4,14672,FALSE
"1502",2216,4,14676,FALSE
"1503",2491,4,14680,FALSE
"1504",2299,4,14684,FALSE
"1505",2574,4,14688,FALSE
"1506",3341,4,14692,FALSE
"1507",2374,4,14696,FALSE
"1508",3502,4,14700,FALSE
"1509",2598,4,14704,FALSE
"1510",2723,4,14708,FALSE
"1511",2538,4,14712,FALSE
"1512",2109,4,14716,FALSE
"1513",2292,4,14720,FALSE
"1514",2398,4,14724,FALSE
"1515",2071,4,14728,FALSE
"1516",3716,4,14732,FALSE
"1517",3123,4,14736,FALSE
"1518",3367,4,14740,FALSE
"1519",1492,4,14744,FALSE
"1520",2581,4,14748,FALSE
"1521",1916,4,14752,FALSE
"1522",2625,4,14756,FALSE
"1523",2096,4,14760,FALSE
"1524",3472,4,14764,FALSE
"1525",2064,4,14768,FALSE
"1526",3055,4,14772,FALSE
"1527",3007,3,14775,FALSE
"1528",2846,3,14778,FALSE
"1529",2004,3,14781,FALSE
"1530",3947,3,14784,FALSE
"1531",4156,3,14787,FALSE
"1532",2841,3,14790,FALSE
"1533",2744,3,14793,FALSE
"1534",3859,3,14796,FALSE
"1535",2958,3,14799,FALSE
"1536",2269,3,14802,FALSE
"1537",3580,3,14805,FALSE
"1538",5511,3,14808,FALSE
"1539",4570,3,14811,FALSE
"1540",3664,3,14814,FALSE
"1541",3757,3,14817,FALSE
"1542",1959,3,14820,FALSE
"1543",4962,3,14823,FALSE
"1544",4800,3,14826,FALSE
"1545",4877,3,14829,FALSE
"1546",2756,3,14832,FALSE
"1547",3744,3,14835,FALSE
"1548",2582,3,14838,FALSE
"1549",2613,3,14841,FALSE
"1550",3025,3,14844,FALSE
"1551",3932,3,14847,FALSE
"1552",2915,3,14850,FALSE
"1553",5325,3,14853,FALSE
"1554",2615,3,14856,FALSE
"1555",3769,3,14859,FALSE
"1556",4237,3,14862,FALSE
"1557",3119,3,14865,FALSE
"1558",6376,3,14868,FALSE
"1559",2533,3,14871,FALSE
"1560",1997,3,14874,FALSE
"1561",2228,3,14877,FALSE
"1562",2513,3,14880,FALSE
"1563",2898,3,14883,FALSE
"1564",2967,3,14886,FALSE
"1565",3880,3,14889,FALSE
"1566",3151,3,14892,FALSE
"1567",2260,3,14895,FALSE
"1568",3234,3,14898,FALSE
"1569",3846,3,14901,FALSE
"1570",4535,3,14904,FALSE
"1571",2794,3,14907,FALSE
"1572",2441,3,14910,FALSE
"1573",2956,3,14913,FALSE
"1574",2486,3,14916,FALSE
"1575",3028,3,14919,FALSE
"1576",2266,3,14922,FALSE
"1577",2467,3,14925,FALSE
"1578",4411,3,14928,FALSE
"1579",3976,3,14931,FALSE
"1580",3894,3,14934,FALSE
"1581",2246,3,14937,FALSE
"1582",2814,3,14940,FALSE
"1583",2913,3,14943,FALSE
"1584",2793,3,14946,FALSE
"1585",3760,3,14949,FALSE
"1586",3897,3,14952,FALSE
"1587",4531,3,14955,FALSE
"1588",6423,3,14958,FALSE
"1589",4574,3,14961,FALSE
"1590",3909,3,14964,FALSE
"1591",2163,3,14967,FALSE
"1592",4126,3,14970,FALSE
"1593",2077,3,14973,FALSE
"1594",1890,3,14976,FALSE
"1595",3704,3,14979,FALSE
"1596",3583,3,14982,FALSE
"1597",2478,3,14985,FALSE
"1598",4817,3,14988,FALSE
"1599",2322,3,14991,FALSE
"1600",2356,3,14994,FALSE
"1601",4351,3,14997,FALSE
"1602",3108,3,15000,FALSE
"1603",2639,3,15003,FALSE
"1604",3752,3,15006,FALSE
"1605",3078,3,15009,FALSE
"1606",3809,3,15012,FALSE
"1607",8932,3,15015,FALSE
"1608",4142,3,15018,FALSE
"1609",3588,3,15021,FALSE
"1610",5322,3,15024,FALSE
"1611",4381,3,15027,FALSE
"1612",1705,3,15030,FALSE
"1613",3201,3,15033,FALSE
"1614",2251,3,15036,FALSE
"1615",2590,3,15039,FALSE
"1616",3221,3,15042,FALSE
"1617",4380,3,15045,FALSE
"1618",2909,3,15048,FALSE
"1619",7089,3,15051,FALSE
"1620",4488,3,15054,FALSE
"1621",4643,3,15057,FALSE
"1622",2990,3,15060,FALSE
"1623",2633,3,15063,FALSE
"1624",4214,3,15066,FALSE
"1625",2947,3,15069,FALSE
"1626",1901,3,15072,FALSE
"1627",2992,3,15075,FALSE
"1628",5386,3,15078,FALSE
"1629",2126,3,15081,FALSE
"1630",1992,3,15084,FALSE
"1631",1972,3,15087,FALSE
"1632",3481,3,15090,FALSE
"1633",6190,3,15093,FALSE
"1634",2919,3,15096,FALSE
"1635",1832,3,15099,FALSE
"1636",4052,3,15102,FALSE
"1637",3794,3,15105,FALSE
"1638",5527,3,15108,FALSE
"1639",2503,3,15111,FALSE
"1640",2511,3,15114,FALSE
"1641",2157,3,15117,FALSE
"1642",1978,3,15120,FALSE
"1643",2315,3,15123,FALSE
"1644",3198,3,15126,FALSE
"1645",3215,3,15129,FALSE
"1646",3603,3,15132,FALSE
"1647",2805,3,15135,FALSE
"1648",2364,3,15138,FALSE
"1649",2964,3,15141,FALSE
"1650",4070,3,15144,FALSE
"1651",3408,3,15147,FALSE
"1652",3033,3,15150,FALSE
"1653",3168,3,15153,FALSE
"1654",2746,3,15156,FALSE
"1655",2755,3,15159,FALSE
"1656",2154,3,15162,FALSE
"1657",2338,3,15165,FALSE
"1658",3235,3,15168,FALSE
"1659",2347,3,15171,FALSE
"1660",3096,3,15174,FALSE
"1661",3706,3,15177,FALSE
"1662",2530,3,15180,FALSE
"1663",5190,3,15183,FALSE
"1664",5078,3,15186,FALSE
"1665",2392,3,15189,FALSE
"1666",3524,3,15192,FALSE
"1667",2957,3,15195,FALSE
"1668",3394,3,15198,FALSE
"1669",3933,3,15201,FALSE
"1670",3015,3,15204,FALSE
"1671",7383,3,15207,FALSE
"1672",3120,3,15210,FALSE
"1673",2089,3,15213,FALSE
"1674",3791,3,15216,FALSE
"1675",3092,3,15219,FALSE
"1676",2918,3,15222,FALSE
"1677",2275,3,15225,FALSE
"1678",3528,3,15228,FALSE
"1679",3862,3,15231,FALSE
"1680",2596,3,15234,FALSE
"1681",2829,3,15237,FALSE
"1682",2757,3,15240,FALSE
"1683",2494,3,15243,FALSE
"1684",3765,3,15246,FALSE
"1685",3591,3,15249,FALSE
"1686",3629,3,15252,FALSE
"1687",2171,3,15255,FALSE
"1688",2521,3,15258,FALSE
"1689",8640,3,15261,FALSE
"1690",4636,3,15264,FALSE
"1691",4010,3,15267,FALSE
"1692",3419,3,15270,FALSE
"1693",2688,3,15273,FALSE
"1694",3337,3,15276,FALSE
"1695",3349,3,15279,FALSE
"1696",1825,3,15282,FALSE
"1697",6875,3,15285,FALSE
"1698",3566,3,15288,FALSE
"1699",3145,3,15291,FALSE
"1700",3750,3,15294,FALSE
"1701",2813,3,15297,FALSE
"1702",2976,3,15300,FALSE
"1703",3149,3,15303,FALSE
"1704",6970,3,15306,FALSE
"1705",2759,3,15309,FALSE
"1706",1868,3,15312,FALSE
"1707",2864,3,15315,FALSE
"1708",3318,3,15318,FALSE
"1709",2324,3,15321,FALSE
"1710",2579,3,15324,FALSE
"1711",2198,3,15327,FALSE
"1712",3917,3,15330,FALSE
"1713",5194,3,15333,FALSE
"1714",5982,3,15336,FALSE
"1715",2666,3,15339,FALSE
"1716",4956,3,15342,FALSE
"1717",3720,3,15345,FALSE
"1718",1967,3,15348,FALSE
"1719",2316,3,15351,FALSE
"1720",2867,3,15354,FALSE
"1721",4270,3,15357,FALSE
"1722",4632,3,15360,FALSE
"1723",3281,3,15363,FALSE
"1724",2824,3,15366,FALSE
"1725",4988,3,15369,FALSE
"1726",2570,3,15372,FALSE
"1727",2240,3,15375,FALSE
"1728",3366,3,15378,FALSE
"1729",2443,3,15381,FALSE
"1730",2165,3,15384,FALSE
"1731",2560,3,15387,FALSE
"1732",2074,3,15390,FALSE
"1733",2862,3,15393,FALSE
"1734",3778,3,15396,FALSE
"1735",2587,3,15399,FALSE
"1736",2040,3,15402,FALSE
"1737",3351,3,15405,FALSE
"1738",3326,3,15408,FALSE
"1739",2709,3,15411,FALSE
"1740",1869,3,15414,FALSE
"1741",2695,3,15417,FALSE
"1742",2699,3,15420,FALSE
"1743",2190,3,15423,FALSE
"1744",2325,3,15426,FALSE
"1745",4408,3,15429,FALSE
"1746",2442,3,15432,FALSE
"1747",2767,3,15435,FALSE
"1748",3298,3,15438,FALSE
"1749",1951,3,15441,FALSE
"1750",2733,3,15444,FALSE
"1751",3529,3,15447,FALSE
"1752",4179,3,15450,FALSE
"1753",3148,3,15453,FALSE
"1754",5491,3,15456,FALSE
"1755",2215,3,15459,FALSE
"1756",2928,3,15462,FALSE
"1757",2500,3,15465,FALSE
"1758",3378,3,15468,FALSE
"1759",3317,3,15471,FALSE
"1760",2528,3,15474,FALSE
"1761",3272,3,15477,FALSE
"1762",2556,3,15480,FALSE
"1763",2390,3,15483,FALSE
"1764",2031,3,15486,FALSE
"1765",3354,3,15489,FALSE
"1766",2516,3,15492,FALSE
"1767",3514,3,15495,FALSE
"1768",3239,3,15498,FALSE
"1769",3400,3,15501,FALSE
"1770",3946,3,15504,FALSE
"1771",2363,3,15507,FALSE
"1772",2451,3,15510,FALSE
"1773",3650,3,15513,FALSE
"1774",3902,3,15516,FALSE
"1775",3087,3,15519,FALSE
"1776",3069,3,15522,FALSE
"1777",2506,3,15525,FALSE
"1778",2434,3,15528,FALSE
"1779",4459,3,15531,FALSE
"1780",4011,3,15534,FALSE
"1781",2480,3,15537,FALSE
"1782",2720,3,15540,FALSE
"1783",2751,3,15543,FALSE
"1784",2980,3,15546,FALSE
"1785",3826,3,15549,FALSE
"1786",4440,3,15552,FALSE
"1787",1693,3,15555,FALSE
"1788",4370,3,15558,FALSE
"1789",3064,3,15561,FALSE
"1790",2736,3,15564,FALSE
"1791",3204,3,15567,FALSE
"1792",2748,3,15570,FALSE
"1793",1931,3,15573,FALSE
"1794",2389,3,15576,FALSE
"1795",2610,3,15579,FALSE
"1796",3191,3,15582,FALSE
"1797",6510,3,15585,FALSE
"1798",2383,3,15588,FALSE
"1799",2548,3,15591,FALSE
"1800",2629,3,15594,FALSE
"1801",2170,3,15597,FALSE
"1802",2714,3,15600,FALSE
"1803",2425,3,15603,FALSE
"1804",4389,3,15606,FALSE
"1805",3853,3,15609,FALSE
"1806",3449,3,15612,FALSE
"1807",4131,3,15615,FALSE
"1808",2899,3,15618,FALSE
"1809",3131,3,15621,FALSE
"1810",5738,3,15624,FALSE
"1811",2006,3,15627,FALSE
"1812",3663,3,15630,FALSE
"1813",6831,3,15633,FALSE
"1814",4661,3,15636,FALSE
"1815",2279,3,15639,FALSE
"1816",2785,3,15642,FALSE
"1817",1937,3,15645,FALSE
"1818",3446,3,15648,FALSE
"1819",2982,3,15651,FALSE
"1820",3584,3,15654,FALSE
"1821",3042,3,15657,FALSE
"1822",2178,3,15660,FALSE
"1823",3784,3,15663,FALSE
"1824",2482,3,15666,FALSE
"1825",4182,3,15669,FALSE
"1826",6704,3,15672,FALSE
"1827",4669,3,15675,FALSE
"1828",3786,3,15678,FALSE
"1829",2235,3,15681,FALSE
"1830",2588,3,15684,FALSE
"1831",5025,3,15687,FALSE
"1832",2865,3,15690,FALSE
"1833",2902,3,15693,FALSE
"1834",2758,3,15696,FALSE
"1835",2856,3,15699,FALSE
"1836",2979,3,15702,FALSE
"1837",3470,3,15705,FALSE
"1838",3143,3,15708,FALSE
"1839",3715,3,15711,FALSE
"1840",2253,3,15714,FALSE
"1841",3753,3,15717,FALSE
"1842",2656,3,15720,FALSE
"1843",2072,3,15723,FALSE
"1844",10484,3,15726,FALSE
"1845",3802,3,15729,FALSE
"1846",1898,3,15732,FALSE
"1847",3633,3,15735,FALSE
"1848",3451,3,15738,FALSE
"1849",3485,3,15741,FALSE
"1850",3796,3,15744,FALSE
"1851",2773,3,15747,FALSE
"1852",3238,3,15750,FALSE
"1853",4013,3,15753,FALSE
"1854",3444,3,15756,FALSE
"1855",4986,3,15759,FALSE
"1856",5877,3,15762,FALSE
"1857",3489,3,15765,FALSE
"1858",2525,3,15768,FALSE
"1859",4790,3,15771,FALSE
"1860",1846,3,15774,FALSE
"1861",3888,3,15777,FALSE
"1862",2370,3,15780,FALSE
"1863",3070,3,15783,FALSE
"1864",3163,3,15786,FALSE
"1865",2463,3,15789,FALSE
"1866",2562,3,15792,FALSE
"1867",3653,3,15795,FALSE
"1868",5093,3,15798,FALSE
"1869",2790,3,15801,FALSE
"1870",2439,3,15804,FALSE
"1871",2297,3,15807,FALSE
"1872",10599,3,15810,FALSE
"1873",3747,3,15813,FALSE
"1874",2782,3,15816,FALSE
"1875",2261,3,15819,FALSE
"1876",3420,3,15822,FALSE
"1877",3654,3,15825,FALSE
"1878",5554,3,15828,FALSE
"1879",2354,3,15831,FALSE
"1880",4291,3,15834,FALSE
"1881",2776,3,15837,FALSE
"1882",2122,3,15840,FALSE
"1883",2403,3,15843,FALSE
"1884",3736,3,15846,FALSE
"1885",5788,3,15849,FALSE
"1886",4127,3,15852,FALSE
"1887",2674,3,15855,FALSE
"1888",3356,3,15858,FALSE
"1889",2788,3,15861,FALSE
"1890",2604,3,15864,FALSE
"1891",2908,3,15867,FALSE
"1892",2809,3,15870,FALSE
"1893",3454,3,15873,FALSE
"1894",4311,3,15876,FALSE
"1895",2747,3,15879,FALSE
"1896",1552,3,15882,FALSE
"1897",2738,3,15885,FALSE
"1898",2653,3,15888,FALSE
"1899",3680,3,15891,FALSE
"1900",4541,3,15894,FALSE
"1901",2998,3,15897,FALSE
"1902",2435,3,15900,FALSE
"1903",3297,3,15903,FALSE
"1904",3435,3,15906,FALSE
"1905",3995,3,15909,FALSE
"1906",4649,3,15912,FALSE
"1907",2232,3,15915,FALSE
"1908",3029,3,15918,FALSE
"1909",3103,3,15921,FALSE
"1910",3658,3,15924,FALSE
"1911",2939,3,15927,FALSE
"1912",1740,3,15930,FALSE
"1913",2796,3,15933,FALSE
"1914",2886,3,15936,FALSE
"1915",2523,3,15939,FALSE
"1916",3269,3,15942,FALSE
"1917",3634,3,15945,FALSE
"1918",2409,3,15948,FALSE
"1919",3153,3,15951,FALSE
"1920",2155,3,15954,FALSE
"1921",4087,3,15957,FALSE
"1922",2180,3,15960,FALSE
"1923",2424,3,15963,FALSE
"1924",2013,3,15966,FALSE
"1925",6014,3,15969,FALSE
"1926",8104,3,15972,FALSE
"1927",2881,3,15975,FALSE
"1928",2706,3,15978,FALSE
"1929",3969,3,15981,FALSE
"1930",1523,3,15984,FALSE
"1931",4391,3,15987,FALSE
"1932",3520,3,15990,FALSE
"1933",2779,3,15993,FALSE
"1934",2753,3,15996,FALSE
"1935",4371,3,15999,FALSE
"1936",3189,3,16002,FALSE
"1937",1943,3,16005,FALSE
"1938",2681,3,16008,FALSE
"1939",2807,3,16011,FALSE
"1940",4354,3,16014,FALSE
"1941",2993,3,16017,FALSE
"1942",2543,3,16020,FALSE
"1943",3546,3,16023,FALSE
"1944",4307,3,16026,FALSE
"1945",3773,3,16029,FALSE
"1946",2365,3,16032,FALSE
"1947",2507,3,16035,FALSE
"1948",3936,3,16038,FALSE
"1949",3192,3,16041,FALSE
"1950",3553,3,16044,FALSE
"1951",2536,3,16047,FALSE
"1952",2943,3,16050,FALSE
"1953",3000,3,16053,FALSE
"1954",2680,3,16056,FALSE
"1955",4869,3,16059,FALSE
"1956",2972,3,16062,FALSE
"1957",2642,3,16065,FALSE
"1958",3398,3,16068,FALSE
"1959",2778,3,16071,FALSE
"1960",3130,3,16074,FALSE
"1961",3312,3,16077,FALSE
"1962",4849,3,16080,FALSE
"1963",3787,3,16083,FALSE
"1964",4479,3,16086,FALSE
"1965",4035,3,16089,FALSE
"1966",2689,3,16092,FALSE
"1967",4372,3,16095,FALSE
"1968",2821,3,16098,FALSE
"1969",2488,3,16101,FALSE
"1970",2384,3,16104,FALSE
"1971",1990,3,16107,FALSE
"1972",2978,3,16110,FALSE
"1973",4222,3,16113,FALSE
"1974",2287,3,16116,FALSE
"1975",8603,3,16119,FALSE
"1976",4163,3,16122,FALSE
"1977",2020,3,16125,FALSE
"1978",4670,3,16128,FALSE
"1979",2884,3,16131,FALSE
"1980",1952,3,16134,FALSE
"1981",2626,3,16137,FALSE
"1982",5060,3,16140,FALSE
"1983",2638,2,16142,FALSE
"1984",4051,2,16144,FALSE
"1985",3554,2,16146,FALSE
"1986",2531,2,16148,FALSE
"1987",4001,2,16150,FALSE
"1988",3964,2,16152,FALSE
"1989",9192,2,16154,FALSE
"1990",4129,2,16156,FALSE
"1991",9018,2,16158,FALSE
"1992",3755,2,16160,FALSE
"1993",8803,2,16162,FALSE
"1994",7734,2,16164,FALSE
"1995",3512,2,16166,FALSE
"1996",4198,2,16168,FALSE
"1997",3387,2,16170,FALSE
"1998",4471,2,16172,FALSE
"1999",4654,2,16174,FALSE
"2000",6665,2,16176,FALSE
"2001",2916,2,16178,FALSE
"2002",4905,2,16180,FALSE
"2003",2636,2,16182,FALSE
"2004",7963,2,16184,FALSE
"2005",2552,2,16186,FALSE
"2006",5728,2,16188,FALSE
"2007",1632,2,16190,FALSE
"2008",2643,2,16192,FALSE
"2009",2678,2,16194,FALSE
"2010",2475,2,16196,FALSE
"2011",5642,2,16198,FALSE
"2012",2737,2,16200,FALSE
"2013",2173,2,16202,FALSE
"2014",3424,2,16204,FALSE
"2015",3327,2,16206,FALSE
"2016",5090,2,16208,FALSE
"2017",2815,2,16210,FALSE
"2018",1848,2,16212,FALSE
"2019",4128,2,16214,FALSE
"2020",5397,2,16216,FALSE
"2021",2770,2,16218,FALSE
"2022",3788,2,16220,FALSE
"2023",5203,2,16222,FALSE
"2024",3180,2,16224,FALSE
"2025",3679,2,16226,FALSE
"2026",6059,2,16228,FALSE
"2027",2719,2,16230,FALSE
"2028",5367,2,16232,FALSE
"2029",2923,2,16234,FALSE
"2030",5708,2,16236,FALSE
"2031",3421,2,16238,FALSE
"2032",5656,2,16240,FALSE
"2033",3988,2,16242,FALSE
"2034",5058,2,16244,FALSE
"2035",4359,2,16246,FALSE
"2036",2955,2,16248,FALSE
"2037",2750,2,16250,FALSE
"2038",2603,2,16252,FALSE
"2039",5049,2,16254,FALSE
"2040",3301,2,16256,FALSE
"2041",3729,2,16258,FALSE
"2042",6074,2,16260,FALSE
"2043",3993,2,16262,FALSE
"2044",4155,2,16264,FALSE
"2045",3253,2,16266,FALSE
"2046",3935,2,16268,FALSE
"2047",6157,2,16270,FALSE
"2048",2440,2,16272,FALSE
"2049",4329,2,16274,FALSE
"2050",2961,2,16276,FALSE
"2051",8576,2,16278,FALSE
"2052",2863,2,16280,FALSE
"2053",4430,2,16282,FALSE
"2054",3261,2,16284,FALSE
"2055",2169,2,16286,FALSE
"2056",3493,2,16288,FALSE
"2057",6828,2,16290,FALSE
"2058",5302,2,16292,FALSE
"2059",5493,2,16294,FALSE
"2060",2498,2,16296,FALSE
"2061",4405,2,16298,FALSE
"2062",4954,2,16300,FALSE
"2063",3827,2,16302,FALSE
"2064",2422,2,16304,FALSE
"2065",2470,2,16306,FALSE
"2066",2312,2,16308,FALSE
"2067",4959,2,16310,FALSE
"2068",6220,2,16312,FALSE
"2069",3879,2,16314,FALSE
"2070",3977,2,16316,FALSE
"2071",2419,2,16318,FALSE
"2072",2502,2,16320,FALSE
"2073",6873,2,16322,FALSE
"2074",11902,2,16324,FALSE
"2075",4355,2,16326,FALSE
"2076",3060,2,16328,FALSE
"2077",5106,2,16330,FALSE
"2078",5900,2,16332,FALSE
"2079",10054,2,16334,FALSE
"2080",3031,2,16336,FALSE
"2081",7797,2,16338,FALSE
"2082",3517,2,16340,FALSE
"2083",4530,2,16342,FALSE
"2084",4891,2,16344,FALSE
"2085",4015,2,16346,FALSE
"2086",4913,2,16348,FALSE
"2087",1976,2,16350,FALSE
"2088",3059,2,16352,FALSE
"2089",5644,2,16354,FALSE
"2090",3640,2,16356,FALSE
"2091",5270,2,16358,FALSE
"2092",2273,2,16360,FALSE
"2093",4092,2,16362,FALSE
"2094",6407,2,16364,FALSE
"2095",2391,2,16366,FALSE
"2096",6896,2,16368,FALSE
"2097",3910,2,16370,FALSE
"2098",2592,2,16372,FALSE
"2099",3157,2,16374,FALSE
"2100",5931,2,16376,FALSE
"2101",14297,2,16378,FALSE
"2102",2933,2,16380,FALSE
"2103",3874,2,16382,FALSE
"2104",4851,2,16384,FALSE
"2105",5165,2,16386,FALSE
"2106",3792,2,16388,FALSE
"2107",5361,2,16390,FALSE
"2108",3860,2,16392,FALSE
"2109",6514,2,16394,FALSE
"2110",6316,2,16396,FALSE
"2111",4119,2,16398,FALSE
"2112",2011,2,16400,FALSE
"2113",2740,2,16402,FALSE
"2114",3657,2,16404,FALSE
"2115",2835,2,16406,FALSE
"2116",5236,2,16408,FALSE
"2117",10196,2,16410,FALSE
"2118",5120,2,16412,FALSE
"2119",3447,2,16414,FALSE
"2120",3790,2,16416,FALSE
"2121",4856,2,16418,FALSE
"2122",5616,2,16420,FALSE
"2123",4938,2,16422,FALSE
"2124",2859,2,16424,FALSE
"2125",3539,2,16426,FALSE
"2126",2833,2,16428,FALSE
"2127",2381,2,16430,FALSE
"2128",4828,2,16432,FALSE
"2129",5835,2,16434,FALSE
"2130",5653,2,16436,FALSE
"2131",4868,2,16438,FALSE
"2132",4735,2,16440,FALSE
"2133",3010,2,16442,FALSE
"2134",3537,2,16444,FALSE
"2135",4678,2,16446,FALSE
"2136",4341,2,16448,FALSE
"2137",4096,2,16450,FALSE
"2138",2791,2,16452,FALSE
"2139",3127,2,16454,FALSE
"2140",3323,2,16456,FALSE
"2141",3308,2,16458,FALSE
"2142",5706,2,16460,FALSE
"2143",2022,2,16462,FALSE
"2144",2692,2,16464,FALSE
"2145",5927,2,16466,FALSE
"2146",8936,2,16468,FALSE
"2147",4429,2,16470,FALSE
"2148",3668,2,16472,FALSE
"2149",6136,2,16474,FALSE
"2150",4167,2,16476,FALSE
"2151",3812,2,16478,FALSE
"2152",7818,2,16480,FALSE
"2153",2716,2,16482,FALSE
"2154",4089,2,16484,FALSE
"2155",2289,2,16486,FALSE
"2156",3608,2,16488,FALSE
"2157",4744,2,16490,FALSE
"2158",3030,2,16492,FALSE
"2159",4680,2,16494,FALSE
"2160",3105,2,16496,FALSE
"2161",2594,2,16498,FALSE
"2162",1944,2,16500,FALSE
"2163",2685,2,16502,FALSE
"2164",5168,2,16504,FALSE
"2165",5836,2,16506,FALSE
"2166",6227,2,16508,FALSE
"2167",3011,2,16510,FALSE
"2168",3718,2,16512,FALSE
"2169",3124,2,16514,FALSE
"2170",4181,2,16516,FALSE
"2171",15080,2,16518,FALSE
"2172",3443,2,16520,FALSE
"2173",7733,2,16522,FALSE
"2174",9213,2,16524,FALSE
"2175",2539,2,16526,FALSE
"2176",3250,2,16528,FALSE
"2177",3338,2,16530,FALSE
"2178",3926,2,16532,FALSE
"2179",7231,2,16534,FALSE
"2180",8321,2,16536,FALSE
"2181",2309,2,16538,FALSE
"2182",8748,2,16540,FALSE
"2183",2969,2,16542,FALSE
"2184",3569,2,16544,FALSE
"2185",3534,2,16546,FALSE
"2186",2663,2,16548,FALSE
"2187",3438,2,16550,FALSE
"2188",9089,2,16552,FALSE
"2189",16521,2,16554,FALSE
"2190",2402,2,16556,FALSE
"2191",5462,2,16558,FALSE
"2192",4246,2,16560,FALSE
"2193",2120,2,16562,FALSE
"2194",4977,2,16564,FALSE
"2195",3388,2,16566,FALSE
"2196",2772,2,16568,FALSE
"2197",5879,2,16570,FALSE
"2198",5502,2,16572,FALSE
"2199",2429,2,16574,FALSE
"2200",2810,2,16576,FALSE
"2201",5911,2,16578,FALSE
"2202",4611,2,16580,FALSE
"2203",3682,2,16582,FALSE
"2204",4516,2,16584,FALSE
"2205",2903,2,16586,FALSE
"2206",5878,2,16588,FALSE
"2207",3128,2,16590,FALSE
"2208",3309,2,16592,FALSE
"2209",2673,2,16594,FALSE
"2210",2702,2,16596,FALSE
"2211",6116,2,16598,FALSE
"2212",6052,2,16600,FALSE
"2213",3167,2,16602,FALSE
"2214",3621,2,16604,FALSE
"2215",2332,2,16606,FALSE
"2216",3780,2,16608,FALSE
"2217",3741,2,16610,FALSE
"2218",2450,2,16612,FALSE
"2219",2936,2,16614,FALSE
"2220",2760,2,16616,FALSE
"2221",8013,2,16618,FALSE
"2222",2305,2,16620,FALSE
"2223",5901,2,16622,FALSE
"2224",4482,2,16624,FALSE
"2225",5288,2,16626,FALSE
"2226",4277,2,16628,FALSE
"2227",2731,2,16630,FALSE
"2228",4769,2,16632,FALSE
"2229",2987,2,16634,FALSE
"2230",3957,2,16636,FALSE
"2231",4607,2,16638,FALSE
"2232",5850,2,16640,FALSE
"2233",3263,2,16642,FALSE
"2234",3731,2,16644,FALSE
"2235",5357,2,16646,FALSE
"2236",2404,2,16648,FALSE
"2237",3573,2,16650,FALSE
"2238",2318,2,16652,FALSE
"2239",4299,2,16654,FALSE
"2240",3280,2,16656,FALSE
"2241",4710,2,16658,FALSE
"2242",2212,2,16660,FALSE
"2243",4064,2,16662,FALSE
"2244",5410,2,16664,FALSE
"2245",3674,2,16666,FALSE
"2246",4898,2,16668,FALSE
"2247",4567,2,16670,FALSE
"2248",3296,2,16672,FALSE
"2249",3632,2,16674,FALSE
"2250",9896,2,16676,FALSE
"2251",2401,2,16678,FALSE
"2252",3605,2,16680,FALSE
"2253",2965,2,16682,FALSE
"2254",8913,2,16684,FALSE
"2255",6707,2,16686,FALSE
"2256",2845,2,16688,FALSE
"2257",10665,2,16690,FALSE
"2258",2423,2,16692,FALSE
"2259",3276,2,16694,FALSE
"2260",2110,2,16696,FALSE
"2261",3179,2,16698,FALSE
"2262",1764,2,16700,FALSE
"2263",3607,2,16702,FALSE
"2264",4485,2,16704,FALSE
"2265",4692,2,16706,FALSE
"2266",2872,2,16708,FALSE
"2267",2973,2,16710,FALSE
"2268",3713,2,16712,FALSE
"2269",4495,2,16714,FALSE
"2270",7302,2,16716,FALSE
"2271",3132,2,16718,FALSE
"2272",2416,2,16720,FALSE
"2273",5507,2,16722,FALSE
"2274",3350,2,16724,FALSE
"2275",3041,2,16726,FALSE
"2276",4991,2,16728,FALSE
"2277",6159,2,16730,FALSE
"2278",4098,2,16732,FALSE
"2279",3258,2,16734,FALSE
"2280",5518,2,16736,FALSE
"2281",4819,2,16738,FALSE
"2282",4950,2,16740,FALSE
"2283",3212,2,16742,FALSE
"2284",3294,2,16744,FALSE
"2285",3283,2,16746,FALSE
"2286",5383,2,16748,FALSE
"2287",3531,2,16750,FALSE
"2288",6082,2,16752,FALSE
"2289",4880,2,16754,FALSE
"2290",2368,2,16756,FALSE
"2291",2848,2,16758,FALSE
"2292",4593,2,16760,FALSE
"2293",3793,2,16762,FALSE
"2294",3735,2,16764,FALSE
"2295",1713,2,16766,FALSE
"2296",3939,2,16768,FALSE
"2297",5460,2,16770,FALSE
"2298",3332,2,16772,FALSE
"2299",3929,2,16774,FALSE
"2300",1851,2,16776,FALSE
"2301",2975,2,16778,FALSE
"2302",6132,2,16780,FALSE
"2303",6108,2,16782,FALSE
"2304",2469,2,16784,FALSE
"2305",3892,2,16786,FALSE
"2306",3967,2,16788,FALSE
"2307",3477,2,16790,FALSE
"2308",2887,2,16792,FALSE
"2309",2635,2,16794,FALSE
"2310",3795,2,16796,FALSE
"2311",5160,2,16798,FALSE
"2312",6207,2,16800,FALSE
"2313",4260,2,16802,FALSE
"2314",3940,2,16804,FALSE
"2315",3210,2,16806,FALSE
"2316",6417,2,16808,FALSE
"2317",2529,2,16810,FALSE
"2318",5150,2,16812,FALSE
"2319",3661,2,16814,FALSE
"2320",9445,2,16816,FALSE
"2321",4356,2,16818,FALSE
"2322",4993,2,16820,FALSE
"2323",9708,2,16822,FALSE
"2324",2559,2,16824,FALSE
"2325",3431,2,16826,FALSE
"2326",6842,2,16828,FALSE
"2327",4750,2,16830,FALSE
"2328",5259,2,16832,FALSE
"2329",10409,2,16834,FALSE
"2330",2549,2,16836,FALSE
"2331",4713,2,16838,FALSE
"2332",3875,2,16840,FALSE
"2333",2477,2,16842,FALSE
"2334",3161,2,16844,FALSE
"2335",2630,2,16846,FALSE
"2336",6284,2,16848,FALSE
"2337",4165,2,16850,FALSE
"2338",4242,2,16852,FALSE
"2339",5956,2,16854,FALSE
"2340",3974,2,16856,FALSE
"2341",3618,2,16858,FALSE
"2342",2891,2,16860,FALSE
"2343",3074,2,16862,FALSE
"2344",2285,2,16864,FALSE
"2345",4145,2,16866,FALSE
"2346",7032,2,16868,FALSE
"2347",3032,2,16870,FALSE
"2348",4885,2,16872,FALSE
"2349",7272,2,16874,FALSE
"2350",2298,2,16876,FALSE
"2351",5144,2,16878,FALSE
"2352",3313,2,16880,FALSE
"2353",2743,2,16882,FALSE
"2354",8268,2,16884,FALSE
"2355",2614,2,16886,FALSE
"2356",7895,2,16888,FALSE
"2357",4472,2,16890,FALSE
"2358",3766,2,16892,FALSE
"2359",2795,2,16894,FALSE
"2360",2426,2,16896,FALSE
"2361",2106,2,16898,FALSE
"2362",5876,2,16900,FALSE
"2363",3543,2,16902,FALSE
"2364",4055,2,16904,FALSE
"2365",3057,2,16906,FALSE
"2366",1644,2,16908,FALSE
"2367",6375,2,16910,FALSE
"2368",4512,2,16912,FALSE
"2369",9703,2,16914,FALSE
"2370",3611,2,16916,FALSE
"2371",2188,2,16918,FALSE
"2372",4466,2,16920,FALSE
"2373",4550,2,16922,FALSE
"2374",4571,2,16924,FALSE
"2375",3783,2,16926,FALSE
"2376",3483,2,16928,FALSE
"2377",4160,2,16930,FALSE
"2378",3171,2,16932,FALSE
"2379",2849,2,16934,FALSE
"2380",7115,2,16936,FALSE
"2381",2705,2,16938,FALSE
"2382",3482,2,16940,FALSE
"2383",3404,2,16942,FALSE
"2384",7945,2,16944,FALSE
"2385",4768,2,16946,FALSE
"2386",12876,2,16948,FALSE
"2387",3113,2,16950,FALSE
"2388",3878,2,16952,FALSE
"2389",15464,2,16954,FALSE
"2390",2323,2,16956,FALSE
"2391",3965,2,16958,FALSE
"2392",3002,2,16960,FALSE
"2393",2517,2,16962,FALSE
"2394",3134,2,16964,FALSE
"2395",5280,2,16966,FALSE
"2396",6524,2,16968,FALSE
"2397",4036,2,16970,FALSE
"2398",4385,2,16972,FALSE
"2399",4907,2,16974,FALSE
"2400",2537,2,16976,FALSE
"2401",3049,2,16978,FALSE
"2402",3460,2,16980,FALSE
"2403",5098,2,16982,FALSE
"2404",3370,2,16984,FALSE
"2405",6273,2,16986,FALSE
"2406",3058,2,16988,FALSE
"2407",4227,2,16990,FALSE
"2408",4493,2,16992,FALSE
"2409",2952,2,16994,FALSE
"2410",2605,2,16996,FALSE
"2411",2468,2,16998,FALSE
"2412",2789,2,17000,FALSE
"2413",2729,2,17002,FALSE
"2414",6879,2,17004,FALSE
"2415",3856,2,17006,FALSE
"2416",2444,2,17008,FALSE
"2417",2557,2,17010,FALSE
"2418",4177,2,17012,FALSE
"2419",4521,2,17014,FALSE
"2420",5543,2,17016,FALSE
"2421",3006,2,17018,FALSE
"2422",2079,2,17020,FALSE
"2423",2602,2,17022,FALSE
"2424",3249,2,17024,FALSE
"2425",6008,2,17026,FALSE
"2426",3541,2,17028,FALSE
"2427",3176,2,17030,FALSE
"2428",8210,2,17032,FALSE
"2429",3288,2,17034,FALSE
"2430",3315,2,17036,FALSE
"2431",9107,2,17038,FALSE
"2432",6211,2,17040,FALSE
"2433",4478,2,17042,FALSE
"2434",3688,2,17044,FALSE
"2435",4009,2,17046,FALSE
"2436",2787,2,17048,FALSE
"2437",2931,2,17050,FALSE
"2438",3754,2,17052,FALSE
"2439",6640,2,17054,FALSE
"2440",4030,2,17056,FALSE
"2441",5445,2,17058,FALSE
"2442",4945,2,17060,FALSE
"2443",8559,2,17062,FALSE
"2444",5365,2,17064,FALSE
"2445",3102,2,17066,FALSE
"2446",2196,2,17068,FALSE
"2447",5519,2,17070,FALSE
"2448",3734,2,17072,FALSE
"2449",3061,2,17074,FALSE
"2450",4074,2,17076,FALSE
"2451",3211,2,17078,FALSE
"2452",2950,2,17080,FALSE
"2453",5524,2,17082,FALSE
"2454",4774,2,17084,FALSE
"2455",5426,2,17086,FALSE
"2456",3036,2,17088,FALSE
"2457",2660,2,17090,FALSE
"2458",3968,2,17092,FALSE
"2459",3556,2,17094,FALSE
"2460",3457,2,17096,FALSE
"2461",4806,2,17098,FALSE
"2462",5080,2,17100,FALSE
"2463",2836,2,17102,FALSE
"2464",3510,2,17104,FALSE
"2465",6146,2,17106,FALSE
"2466",7664,2,17108,FALSE
"2467",2608,2,17110,FALSE
"2468",4024,2,17112,FALSE
"2469",3899,2,17114,FALSE
"2470",3562,2,17116,FALSE
"2471",3200,2,17118,FALSE
"2472",8944,2,17120,FALSE
"2473",1767,2,17122,FALSE
"2474",4539,2,17124,FALSE
"2475",9944,2,17126,FALSE
"2476",3418,2,17128,FALSE
"2477",5245,2,17130,FALSE
"2478",5715,2,17132,FALSE
"2479",3877,2,17134,FALSE
"2480",3638,2,17136,FALSE
"2481",4153,2,17138,FALSE
"2482",5232,2,17140,FALSE
"2483",7430,2,17142,FALSE
"2484",15011,2,17144,FALSE
"2485",3884,2,17146,FALSE
"2486",10055,2,17148,FALSE
"2487",7626,2,17150,FALSE
"2488",4253,2,17152,FALSE
"2489",2544,2,17154,FALSE
"2490",8504,2,17156,FALSE
"2491",2646,2,17158,FALSE
"2492",8642,2,17160,FALSE
"2493",8354,2,17162,FALSE
"2494",3432,2,17164,FALSE
"2495",11821,2,17166,FALSE
"2496",3244,2,17168,FALSE
"2497",2904,2,17170,FALSE
"2498",4656,2,17172,FALSE
"2499",4727,2,17174,FALSE
"2500",4333,2,17176,FALSE
"2501",2869,2,17178,FALSE
"2502",3382,2,17180,FALSE
"2503",2394,2,17182,FALSE
"2504",7909,2,17184,FALSE
"2505",4192,2,17186,FALSE
"2506",5466,2,17188,FALSE
"2507",2882,2,17190,FALSE
"2508",2654,2,17192,FALSE
"2509",5541,2,17194,FALSE
"2510",6185,2,17196,FALSE
"2511",2414,2,17198,FALSE
"2512",2661,2,17200,FALSE
"2513",5848,2,17202,FALSE
"2514",4469,2,17204,FALSE
"2515",3818,2,17206,FALSE
"2516",5097,2,17208,FALSE
"2517",2826,2,17210,FALSE
"2518",2764,2,17212,FALSE
"2519",2495,2,17214,FALSE
"2520",4762,2,17216,FALSE
"2521",3498,2,17218,FALSE
"2522",3411,2,17220,FALSE
"2523",4318,2,17222,FALSE
"2524",3050,2,17224,FALSE
"2525",4006,2,17226,FALSE
"2526",2888,2,17228,FALSE
"2527",2524,2,17230,FALSE
"2528",3810,2,17232,FALSE
"2529",4631,2,17234,FALSE
"2530",11085,2,17236,FALSE
"2531",4191,2,17238,FALSE
"2532",2049,2,17240,FALSE
"2533",2172,2,17242,FALSE
"2534",4718,2,17244,FALSE
"2535",2827,2,17246,FALSE
"2536",5034,2,17248,FALSE
"2537",2349,2,17250,FALSE
"2538",3515,2,17252,FALSE
"2539",4388,2,17254,FALSE
"2540",2357,2,17256,FALSE
"2541",13324,2,17258,FALSE
"2542",6528,2,17260,FALSE
"2543",2842,2,17262,FALSE
"2544",10241,2,17264,FALSE
"2545",2575,2,17266,FALSE
"2546",4589,2,17268,FALSE
"2547",2181,2,17270,FALSE
"2548",2094,2,17272,FALSE
"2549",3723,2,17274,FALSE
"2550",4533,2,17276,FALSE
"2551",3725,2,17278,FALSE
"2552",6962,2,17280,FALSE
"2553",3542,2,17282,FALSE
"2554",2580,2,17284,FALSE
"2555",4801,2,17286,FALSE
"2556",2900,2,17288,FALSE
"2557",2802,2,17290,FALSE
"2558",2542,2,17292,FALSE
"2559",2672,2,17294,FALSE
"2560",3194,2,17296,FALSE
"2561",3158,2,17298,FALSE
"2562",5008,2,17300,FALSE
"2563",3101,2,17302,FALSE
"2564",2730,2,17304,FALSE
"2565",3648,2,17306,FALSE
"2566",2175,2,17308,FALSE
"2567",7788,2,17310,FALSE
"2568",2519,2,17312,FALSE
"2569",5624,2,17314,FALSE
"2570",3022,2,17316,FALSE
"2571",2431,2,17318,FALSE
"2572",3785,2,17320,FALSE
"2573",2977,2,17322,FALSE
"2574",5880,2,17324,FALSE
"2575",5208,2,17326,FALSE
"2576",3216,2,17328,FALSE
"2577",3915,2,17330,FALSE
"2578",8513,2,17332,FALSE
"2579",6906,2,17334,FALSE
"2580",4321,2,17336,FALSE
"2581",4650,2,17338,FALSE
"2582",4325,2,17340,FALSE
"2583",7565,2,17342,FALSE
"2584",3703,2,17344,FALSE
"2585",4758,2,17346,FALSE
"2586",4284,2,17348,FALSE
"2587",3576,2,17350,FALSE
"2588",8383,2,17352,FALSE
"2589",4861,2,17354,FALSE
"2590",3545,2,17356,FALSE
"2591",4111,2,17358,FALSE
"2592",3118,2,17360,FALSE
"2593",4820,2,17362,FALSE
"2594",3768,2,17364,FALSE
"2595",4369,2,17366,FALSE
"2596",4857,2,17368,FALSE
"2597",9470,2,17370,FALSE
"2598",2741,2,17372,FALSE
"2599",3080,2,17374,FALSE
"2600",2994,2,17376,FALSE
"2601",7698,2,17378,FALSE
"2602",6252,2,17380,FALSE
"2603",3099,2,17382,FALSE
"2604",3667,2,17384,FALSE
"2605",5084,2,17386,FALSE
"2606",2837,2,17388,FALSE
"2607",8967,2,17390,FALSE
"2608",4874,2,17392,FALSE
"2609",3867,2,17394,FALSE
"2610",4211,2,17396,FALSE
"2611",3687,2,17398,FALSE
"2612",6558,2,17400,FALSE
"2613",38296,2,17402,FALSE
"2614",2107,2,17404,FALSE
"2615",6012,2,17406,FALSE
"2616",4773,2,17408,FALSE
"2617",2984,2,17410,FALSE
"2618",4396,2,17412,FALSE
"2619",5376,2,17414,FALSE
"2620",3570,2,17416,FALSE
"2621",4178,2,17418,FALSE
"2622",4548,2,17420,FALSE
"2623",2892,2,17422,FALSE
"2624",5953,2,17424,FALSE
"2625",5029,2,17426,FALSE
"2626",2032,2,17428,FALSE
"2627",2132,2,17430,FALSE
"2628",8237,2,17432,FALSE
"2629",3410,2,17434,FALSE
"2630",4736,2,17436,FALSE
"2631",2001,2,17438,FALSE
"2632",13442,2,17440,FALSE
"2633",8084,2,17442,FALSE
"2634",3665,2,17444,FALSE
"2635",4995,2,17446,FALSE
"2636",2620,2,17448,FALSE
"2637",3016,2,17450,FALSE
"2638",3255,2,17452,FALSE
"2639",9720,2,17454,FALSE
"2640",3417,2,17456,FALSE
"2641",4476,2,17458,FALSE
"2642",4390,2,17460,FALSE
"2643",4983,2,17462,FALSE
"2644",6209,2,17464,FALSE
"2645",3814,2,17466,FALSE
"2646",3268,2,17468,FALSE
"2647",4138,2,17470,FALSE
"2648",18532,2,17472,FALSE
"2649",5796,2,17474,FALSE
"2650",3433,2,17476,FALSE
"2651",4357,2,17478,FALSE
"2652",3054,2,17480,FALSE
"2653",4231,2,17482,FALSE
"2654",5681,2,17484,FALSE
"2655",5823,2,17486,FALSE
"2656",2377,2,17488,FALSE
"2657",4232,2,17490,FALSE
"2658",2875,2,17492,FALSE
"2659",4663,2,17494,FALSE
"2660",6965,2,17496,FALSE
"2661",2995,2,17498,FALSE
"2662",2617,2,17500,FALSE
"2663",5321,2,17502,FALSE
"2664",4953,2,17504,FALSE
"2665",3916,2,17506,FALSE
"2666",2411,2,17508,FALSE
"2667",3141,2,17510,FALSE
"2668",3518,2,17512,FALSE
"2669",7528,2,17514,FALSE
"2670",3544,2,17516,FALSE
"2671",4777,2,17518,FALSE
"2672",6367,2,17520,FALSE
"2673",5481,2,17522,FALSE
"2674",3698,2,17524,FALSE
"2675",8462,2,17526,FALSE
"2676",2124,2,17528,FALSE
"2677",3040,2,17530,FALSE
"2678",2458,2,17532,FALSE
"2679",2116,2,17534,FALSE
"2680",1871,2,17536,FALSE
"2681",6725,2,17538,FALSE
"2682",3226,2,17540,FALSE
"2683",2149,2,17542,FALSE
"2684",2997,2,17544,FALSE
"2685",2348,2,17546,FALSE
"2686",2553,2,17548,FALSE
"2687",2734,2,17550,FALSE
"2688",2177,2,17552,FALSE
"2689",5199,2,17554,FALSE
"2690",2752,2,17556,FALSE
"2691",2436,2,17558,FALSE
"2692",5202,2,17560,FALSE
"2693",3560,2,17562,FALSE
"2694",8739,2,17564,FALSE
"2695",3987,2,17566,FALSE
"2696",3241,2,17568,FALSE
"2697",2966,2,17570,FALSE
"2698",3923,2,17572,FALSE
"2699",12161,2,17574,FALSE
"2700",4887,2,17576,FALSE
"2701",2047,2,17578,FALSE
"2702",6411,2,17580,FALSE
"2703",4760,2,17582,FALSE
"2704",4125,2,17584,FALSE
"2705",5957,2,17586,FALSE
"2706",5778,2,17588,FALSE
"2707",5233,2,17590,FALSE
"2708",3365,2,17592,FALSE
"2709",3499,2,17594,FALSE
"2710",7324,2,17596,FALSE
"2711",3302,2,17598,FALSE
"2712",4063,2,17600,FALSE
"2713",5523,2,17602,FALSE
"2714",4625,2,17604,FALSE
"2715",3285,2,17606,FALSE
"2716",2578,2,17608,FALSE
"2717",3169,2,17610,FALSE
"2718",4033,2,17612,FALSE
"2719",2762,2,17614,FALSE
"2720",2861,2,17616,FALSE
"2721",4295,2,17618,FALSE
"2722",4638,2,17620,FALSE
"2723",2855,2,17622,FALSE
"2724",6922,2,17624,FALSE
"2725",3091,2,17626,FALSE
"2726",3898,2,17628,FALSE
"2727",4268,2,17630,FALSE
"2728",5973,2,17632,FALSE
"2729",2237,2,17634,FALSE
"2730",4283,2,17636,FALSE
"2731",3561,2,17638,FALSE
"2732",4250,2,17640,FALSE
"2733",6747,2,17642,FALSE
"2734",3844,2,17644,FALSE
"2735",2893,2,17646,FALSE
"2736",1480,2,17648,FALSE
"2737",4252,2,17650,FALSE
"2738",3019,2,17652,FALSE
"2739",1885,2,17654,FALSE
"2740",3804,2,17656,FALSE
"2741",2400,2,17658,FALSE
"2742",4987,2,17660,FALSE
"2743",4202,2,17662,FALSE
"2744",3924,2,17664,FALSE
"2745",4590,2,17666,FALSE
"2746",3014,2,17668,FALSE
"2747",4697,2,17670,FALSE
"2748",3412,2,17672,FALSE
"2749",5669,2,17674,FALSE
"2750",3953,2,17676,FALSE
"2751",2176,2,17678,FALSE
"2752",3726,2,17680,FALSE
"2753",4802,2,17682,FALSE
"2754",4830,2,17684,FALSE
"2755",3218,2,17686,FALSE
"2756",2474,2,17688,FALSE
"2757",20168,2,17690,FALSE
"2758",4041,2,17692,FALSE
"2759",2651,2,17694,FALSE
"2760",4339,2,17696,FALSE
"2761",5922,2,17698,FALSE
"2762",4233,2,17700,FALSE
"2763",4143,2,17702,FALSE
"2764",6786,2,17704,FALSE
"2765",4228,2,17706,FALSE
"2766",4544,2,17708,FALSE
"2767",6163,2,17710,FALSE
"2768",4365,2,17712,FALSE
"2769",2337,2,17714,FALSE
"2770",3428,2,17716,FALSE
"2771",6853,2,17718,FALSE
"2772",2408,2,17720,FALSE
"2773",4450,2,17722,FALSE
"2774",2238,2,17724,FALSE
"2775",9286,2,17726,FALSE
"2776",4644,2,17728,FALSE
"2777",4525,2,17730,FALSE
"2778",1930,2,17732,FALSE
"2779",11057,2,17734,FALSE
"2780",4245,2,17736,FALSE
"2781",4378,2,17738,FALSE
"2782",3256,2,17740,FALSE
"2783",8771,2,17742,FALSE
"2784",5769,2,17744,FALSE
"2785",2545,2,17746,FALSE
"2786",2449,2,17748,FALSE
"2787",2520,2,17750,FALSE
"2788",2497,2,17752,FALSE
"2789",4933,2,17754,FALSE
"2790",3038,2,17756,FALSE
"2791",3052,2,17758,FALSE
"2792",5063,2,17760,FALSE
"2793",4056,2,17762,FALSE
"2794",3819,2,17764,FALSE
"2795",3639,2,17766,FALSE
"2796",6643,2,17768,FALSE
"2797",3020,2,17770,FALSE
"2798",2860,2,17772,FALSE
"2799",3805,2,17774,FALSE
"2800",2774,2,17776,FALSE
"2801",7724,2,17778,FALSE
"2802",3355,2,17780,FALSE
"2803",5011,2,17782,FALSE
"2804",6174,2,17784,FALSE
"2805",4709,2,17786,FALSE
"2806",7123,2,17788,FALSE
"2807",2951,2,17790,FALSE
"2808",3522,2,17792,FALSE
"2809",2840,2,17794,FALSE
"2810",4164,2,17796,FALSE
"2811",3474,2,17798,FALSE
"2812",3093,2,17800,FALSE
"2813",5212,2,17802,FALSE
"2814",3142,2,17804,FALSE
"2815",7132,2,17806,FALSE
"2816",2959,2,17808,FALSE
"2817",3231,2,17810,FALSE
"2818",3295,2,17812,FALSE
"2819",3762,2,17814,FALSE
"2820",2686,2,17816,FALSE
"2821",3076,2,17818,FALSE
"2822",4154,2,17820,FALSE
"2823",2565,2,17822,FALSE
"2824",3996,2,17824,FALSE
"2825",2983,2,17826,FALSE
"2826",6723,2,17828,FALSE
"2827",4893,2,17830,FALSE
"2828",3339,2,17832,FALSE
"2829",4028,2,17834,FALSE
"2830",3799,2,17836,FALSE
"2831",9017,2,17838,FALSE
"2832",5222,2,17840,FALSE
"2833",5939,2,17842,FALSE
"2834",3401,2,17844,FALSE
"2835",1709,2,17846,FALSE
"2836",8402,2,17848,FALSE
"2837",2258,2,17850,FALSE
"2838",2962,2,17852,FALSE
"2839",3111,2,17854,FALSE
"2840",3147,2,17856,FALSE
"2841",3065,2,17858,FALSE
"2842",3599,2,17860,FALSE
"2843",4353,2,17862,FALSE
"2844",2341,2,17864,FALSE
"2845",4616,2,17866,FALSE
"2846",3181,2,17868,FALSE
"2847",3490,2,17870,FALSE
"2848",5057,2,17872,FALSE
"2849",3390,2,17874,FALSE
"2850",7832,2,17876,FALSE
"2851",4546,2,17878,FALSE
"2852",4038,2,17880,FALSE
"2853",3722,2,17882,FALSE
"2854",3509,2,17884,FALSE
"2855",12934,2,17886,FALSE
"2856",5253,2,17888,FALSE
"2857",2360,2,17890,FALSE
"2858",4085,2,17892,FALSE
"2859",3004,2,17894,FALSE
"2860",3594,2,17896,FALSE
"2861",19297,2,17898,FALSE
"2862",4004,2,17900,FALSE
"2863",10423,2,17902,FALSE
"2864",3994,2,17904,FALSE
"2865",3245,2,17906,FALSE
"2866",5652,2,17908,FALSE
"2867",2387,2,17910,FALSE
"2868",2866,2,17912,FALSE
"2869",3945,2,17914,FALSE
"2870",12184,2,17916,FALSE
"2871",4437,2,17918,FALSE
"2872",5388,2,17920,FALSE
"2873",2288,2,17922,FALSE
"2874",3832,2,17924,FALSE
"2875",4563,2,17926,FALSE
"2876",4679,2,17928,FALSE
"2877",2742,2,17930,FALSE
"2878",3459,2,17932,FALSE
"2879",4386,2,17934,FALSE
"2880",4259,2,17936,FALSE
"2881",3652,2,17938,FALSE
"2882",6016,2,17940,FALSE
"2883",3686,2,17942,FALSE
"2884",2775,2,17944,FALSE
"2885",3532,2,17946,FALSE
"2886",2233,2,17948,FALSE
"2887",6175,2,17950,FALSE
"2888",5529,2,17952,FALSE
"2889",4622,2,17954,FALSE
"2890",2879,2,17956,FALSE
"2891",2732,2,17958,FALSE
"2892",4600,2,17960,FALSE
"2893",4730,2,17962,FALSE
"2894",6182,2,17964,FALSE
"2895",4348,2,17966,FALSE
"2896",3840,2,17968,FALSE
"2897",5482,2,17970,FALSE
"2898",3228,2,17972,FALSE
"2899",3407,2,17974,FALSE
"2900",3473,2,17976,FALSE
"2901",5180,2,17978,FALSE
"2902",7165,2,17980,FALSE
"2903",5505,2,17982,FALSE
"2904",4837,2,17984,FALSE
"2905",2274,2,17986,FALSE
"2906",2263,2,17988,FALSE
"2907",6231,2,17990,FALSE
"2908",3521,2,17992,FALSE
"2909",7122,1,17993,FALSE
"2910",3981,1,17994,FALSE
"2911",2901,1,17995,FALSE
"2912",2739,1,17996,FALSE
"2913",132105,1,17997,FALSE
"2914",2631,1,17998,FALSE
"2915",36020,1,17999,FALSE
"2916",9254,1,18000,FALSE
"2917",9095,1,18001,FALSE
"2918",3526,1,18002,FALSE
"2919",5023,1,18003,FALSE
"2920",6051,1,18004,FALSE
"2921",13258,1,18005,FALSE
"2922",7097,1,18006,FALSE
"2923",12362,1,18007,FALSE
"2924",7771,1,18008,FALSE
"2925",2644,1,18009,FALSE
"2926",7312,1,18010,FALSE
"2927",7371,1,18011,FALSE
"2928",7938,1,18012,FALSE
"2929",17631,1,18013,FALSE
"2930",35457,1,18014,FALSE
"2931",7391,1,18015,FALSE
"2932",32206,1,18016,FALSE
"2933",7261,1,18017,FALSE
"2934",3441,1,18018,FALSE
"2935",5399,1,18019,FALSE
"2936",5145,1,18020,FALSE
"2937",3173,1,18021,FALSE
"2938",9383,1,18022,FALSE
"2939",11669,1,18023,FALSE
"2940",7362,1,18024,FALSE
"2941",16984,1,18025,FALSE
"2942",3396,1,18026,FALSE
"2943",9053,1,18027,FALSE
"2944",54951,1,18028,FALSE
"2945",8022,1,18029,FALSE
"2946",10535,1,18030,FALSE
"2947",12652,1,18031,FALSE
"2948",8525,1,18032,FALSE
"2949",4973,1,18033,FALSE
"2950",7865,1,18034,FALSE
"2951",29143,1,18035,FALSE
"2952",15579,1,18036,FALSE
"2953",4474,1,18037,FALSE
"2954",13183,1,18038,FALSE
"2955",9613,1,18039,FALSE
"2956",5473,1,18040,FALSE
"2957",3857,1,18041,FALSE
"2958",79595,1,18042,FALSE
"2959",12926,1,18043,FALSE
"2960",4447,1,18044,FALSE
"2961",14634,1,18045,FALSE
"2962",5318,1,18046,FALSE
"2963",7921,1,18047,FALSE
"2964",2844,1,18048,FALSE
"2965",6784,1,18049,FALSE
"2966",8960,1,18050,FALSE
"2967",4487,1,18051,FALSE
"2968",5035,1,18052,FALSE
"2969",3934,1,18053,FALSE
"2970",35292,1,18054,FALSE
"2971",4598,1,18055,FALSE
"2972",41090,1,18056,FALSE
"2973",6608,1,18057,FALSE
"2974",14006,1,18058,FALSE
"2975",6630,1,18059,FALSE
"2976",6439,1,18060,FALSE
"2977",3721,1,18061,FALSE
"2978",25303,1,18062,FALSE
"2979",6931,1,18063,FALSE
"2980",10635,1,18064,FALSE
"2981",4608,1,18065,FALSE
"2982",3452,1,18066,FALSE
"2983",8648,1,18067,FALSE
"2984",4708,1,18068,FALSE
"2985",7328,1,18069,FALSE
"2986",44746,1,18070,FALSE
"2987",4166,1,18071,FALSE
"2988",3373,1,18072,FALSE
"2989",21150,1,18073,FALSE
"2990",5187,1,18074,FALSE
"2991",6380,1,18075,FALSE
"2992",9340,1,18076,FALSE
"2993",6614,1,18077,FALSE
"2994",9751,1,18078,FALSE
"2995",22324,1,18079,FALSE
"2996",2910,1,18080,FALSE
"2997",5146,1,18081,FALSE
"2998",2597,1,18082,FALSE
"2999",6745,1,18083,FALSE
"3000",4254,1,18084,FALSE
"3001",22263,1,18085,FALSE
"3002",10286,1,18086,FALSE
"3003",14345,1,18087,FALSE
"3004",27167,1,18088,FALSE
"3005",19837,1,18089,FALSE
"3006",6919,1,18090,FALSE
"3007",4507,1,18091,FALSE
"3008",3798,1,18092,FALSE
"3009",12328,1,18093,FALSE
"3010",3938,1,18094,FALSE
"3011",2765,1,18095,FALSE
"3012",13030,1,18096,FALSE
"3013",5818,1,18097,FALSE
"3014",18149,1,18098,FALSE
"3015",6440,1,18099,FALSE
"3016",7045,1,18100,FALSE
"3017",8998,1,18101,FALSE
"3018",3340,1,18102,FALSE
"3019",7002,1,18103,FALSE
"3020",18964,1,18104,FALSE
"3021",33335,1,18105,FALSE
"3022",9281,1,18106,FALSE
"3023",11512,1,18107,FALSE
"3024",3389,1,18108,FALSE
"3025",7268,1,18109,FALSE
"3026",7462,1,18110,FALSE
"3027",13882,1,18111,FALSE
"3028",6590,1,18112,FALSE
"3029",35758,1,18113,FALSE
"3030",12989,1,18114,FALSE
"3031",5062,1,18115,FALSE
"3032",7083,1,18116,FALSE
"3033",6854,1,18117,FALSE
"3034",43092,1,18118,FALSE
"3035",5990,1,18119,FALSE
"3036",4942,1,18120,FALSE
"3037",12748,1,18121,FALSE
"3038",7049,1,18122,FALSE
"3039",6650,1,18123,FALSE
"3040",4410,1,18124,FALSE
"3041",4665,1,18125,FALSE
"3042",5087,1,18126,FALSE
"3043",16808,1,18127,FALSE
"3044",7908,1,18128,FALSE
"3045",7289,1,18129,FALSE
"3046",12040,1,18130,FALSE
"3047",3504,1,18131,FALSE
"3048",6406,1,18132,FALSE
"3049",2373,1,18133,FALSE
"3050",6479,1,18134,FALSE
"3051",49516,1,18135,FALSE
"3052",8244,1,18136,FALSE
"3053",15393,1,18137,FALSE
"3054",6278,1,18138,FALSE
"3055",4564,1,18139,FALSE
"3056",47460,1,18140,FALSE
"3057",6465,1,18141,FALSE
"3058",3604,1,18142,FALSE
"3059",5699,1,18143,FALSE
"3060",6305,1,18144,FALSE
"3061",4906,1,18145,FALSE
"3062",2935,1,18146,FALSE
"3063",6843,1,18147,FALSE
"3064",4689,1,18148,FALSE
"3065",4418,1,18149,FALSE
"3066",10852,1,18150,FALSE
"3067",29464,1,18151,FALSE
"3068",14645,1,18152,FALSE
"3069",12178,1,18153,FALSE
"3070",9154,1,18154,FALSE
"3071",19922,1,18155,FALSE
"3072",6497,1,18156,FALSE
"3073",11620,1,18157,FALSE
"3074",3866,1,18158,FALSE
"3075",4223,1,18159,FALSE
"3076",2330,1,18160,FALSE
"3077",5772,1,18161,FALSE
"3078",6400,1,18162,FALSE
"3079",9039,1,18163,FALSE
"3080",17244,1,18164,FALSE
"3081",14266,1,18165,FALSE
"3082",2834,1,18166,FALSE
"3083",5537,1,18167,FALSE
"3084",9894,1,18168,FALSE
"3085",9867,1,18169,FALSE
"3086",39635,1,18170,FALSE
"3087",8381,1,18171,FALSE
"3088",10130,1,18172,FALSE
"3089",22060,1,18173,FALSE
"3090",5220,1,18174,FALSE
"3091",17802,1,18175,FALSE
"3092",8048,1,18176,FALSE
"3093",5275,1,18177,FALSE
"3094",15119,1,18178,FALSE
"3095",4847,1,18179,FALSE
"3096",9874,1,18180,FALSE
"3097",16678,1,18181,FALSE
"3098",5385,1,18182,FALSE
"3099",28911,1,18183,FALSE
"3100",4784,1,18184,FALSE
"3101",54056,1,18185,FALSE
"3102",8193,1,18186,FALSE
"3103",15776,1,18187,FALSE
"3104",4833,1,18188,FALSE
"3105",6909,1,18189,FALSE
"3106",169269,1,18190,FALSE
"3107",4230,1,18191,FALSE
"3108",7062,1,18192,FALSE
"3109",2917,1,18193,FALSE
"3110",96726,1,18194,FALSE
"3111",6964,1,18195,FALSE
"3112",8452,1,18196,FALSE
"3113",8684,1,18197,FALSE
"3114",14017,1,18198,FALSE
"3115",5370,1,18199,FALSE
"3116",20410,1,18200,FALSE
"3117",3645,1,18201,FALSE
"3118",31699,1,18202,FALSE
"3119",14179,1,18203,FALSE
"3120",15686,1,18204,FALSE
"3121",9851,1,18205,FALSE
"3122",13740,1,18206,FALSE
"3123",3711,1,18207,FALSE
"3124",38338,1,18208,FALSE
"3125",10108,1,18209,FALSE
"3126",8217,1,18210,FALSE
"3127",5837,1,18211,FALSE
"3128",7914,1,18212,FALSE
"3129",3073,1,18213,FALSE
"3130",15479,1,18214,FALSE
"3131",4540,1,18215,FALSE
"3132",10133,1,18216,FALSE
"3133",8306,1,18217,FALSE
"3134",3622,1,18218,FALSE
"3135",6053,1,18219,FALSE
"3136",4320,1,18220,FALSE
"3137",11822,1,18221,FALSE
"3138",8404,1,18222,FALSE
"3139",16822,1,18223,FALSE
"3140",2572,1,18224,FALSE
"3141",6303,1,18225,FALSE
"3142",6509,1,18226,FALSE
"3143",8312,1,18227,FALSE
"3144",17385,1,18228,FALSE
"3145",3184,1,18229,FALSE
"3146",4088,1,18230,FALSE
"3147",5737,1,18231,FALSE
"3148",3463,1,18232,FALSE
"3149",5384,1,18233,FALSE
"3150",8868,1,18234,FALSE
"3151",7112,1,18235,FALSE
"3152",17506,1,18236,FALSE
"3153",17011,1,18237,FALSE
"3154",4757,1,18238,FALSE
"3155",7411,1,18239,FALSE
"3156",7618,1,18240,FALSE
"3157",2057,1,18241,FALSE
"3158",13354,1,18242,FALSE
"3159",9317,1,18243,FALSE
"3160",10027,1,18244,FALSE
"3161",7515,1,18245,FALSE
"3162",5076,1,18246,FALSE
"3163",11516,1,18247,FALSE
"3164",5661,1,18248,FALSE
"3165",3068,1,18249,FALSE
"3166",17362,1,18250,FALSE
"3167",3919,1,18251,FALSE
"3168",10094,1,18252,FALSE
"3169",28922,1,18253,FALSE
"3170",11200,1,18254,FALSE
"3171",5477,1,18255,FALSE
"3172",8016,1,18256,FALSE
"3173",4759,1,18257,FALSE
"3174",7338,1,18258,FALSE
"3175",6617,1,18259,FALSE
"3176",3106,1,18260,FALSE
"3177",8786,1,18261,FALSE
"3178",7276,1,18262,FALSE
"3179",2713,1,18263,FALSE
"3180",4838,1,18264,FALSE
"3181",2854,1,18265,FALSE
"3182",14247,1,18266,FALSE
"3183",8218,1,18267,FALSE
"3184",6594,1,18268,FALSE
"3185",8004,1,18269,FALSE
"3186",9233,1,18270,FALSE
"3187",5314,1,18271,FALSE
"3188",5924,1,18272,FALSE
"3189",2634,1,18273,FALSE
"3190",11521,1,18274,FALSE
"3191",5362,1,18275,FALSE
"3192",12086,1,18276,FALSE
"3193",3140,1,18277,FALSE
"3194",8272,1,18278,FALSE
"3195",23733,1,18279,FALSE
"3196",10334,1,18280,FALSE
"3197",7935,1,18281,FALSE
"3198",12029,1,18282,FALSE
"3199",5083,1,18283,FALSE
"3200",14940,1,18284,FALSE
"3201",2843,1,18285,FALSE
"3202",78988,1,18286,FALSE
"3203",3399,1,18287,FALSE
"3204",18653,1,18288,FALSE
"3205",2921,1,18289,FALSE
"3206",5309,1,18290,FALSE
"3207",38826,1,18291,FALSE
"3208",18093,1,18292,FALSE
"3209",4079,1,18293,FALSE
"3210",48695,1,18294,FALSE
"3211",8744,1,18295,FALSE
"3212",2586,1,18296,FALSE
"3213",8634,1,18297,FALSE
"3214",4867,1,18298,FALSE
"3215",37338,1,18299,FALSE
"3216",4335,1,18300,FALSE
"3217",5393,1,18301,FALSE
"3218",19382,1,18302,FALSE
"3219",9700,1,18303,FALSE
"3220",77285,1,18304,FALSE
"3221",75612,1,18305,FALSE
"3222",11742,1,18306,FALSE
"3223",4667,1,18307,FALSE
"3224",6910,1,18308,FALSE
"3225",3998,1,18309,FALSE
"3226",7154,1,18310,FALSE
"3227",6267,1,18311,FALSE
"3228",16345,1,18312,FALSE
"3229",8056,1,18313,FALSE
"3230",3975,1,18314,FALSE
"3231",8076,1,18315,FALSE
"3232",7983,1,18316,FALSE
"3233",15216,1,18317,FALSE
"3234",7365,1,18318,FALSE
"3235",4113,1,18319,FALSE
"3236",11638,1,18320,FALSE
"3237",11643,1,18321,FALSE
"3238",43679,1,18322,FALSE
"3239",7021,1,18323,FALSE
"3240",6237,1,18324,FALSE
"3241",10968,1,18325,FALSE
"3242",23152,1,18326,FALSE
"3243",2711,1,18327,FALSE
"3244",28796,1,18328,FALSE
"3245",19187,1,18329,FALSE
"3246",36820,1,18330,FALSE
"3247",3701,1,18331,FALSE
"3248",14797,1,18332,FALSE
"3249",5817,1,18333,FALSE
"3250",5459,1,18334,FALSE
"3251",3695,1,18335,FALSE
"3252",5411,1,18336,FALSE
"3253",3436,1,18337,FALSE
"3254",4404,1,18338,FALSE
"3255",5550,1,18339,FALSE
"3256",13552,1,18340,FALSE
"3257",5032,1,18341,FALSE
"3258",7242,1,18342,FALSE
"3259",8918,1,18343,FALSE
"3260",7583,1,18344,FALSE
"3261",3948,1,18345,FALSE
"3262",2727,1,18346,FALSE
"3263",18776,1,18347,FALSE
"3264",13639,1,18348,FALSE
"3265",7325,1,18349,FALSE
"3266",10262,1,18350,FALSE
"3267",5486,1,18351,FALSE
"3268",8032,1,18352,FALSE
"3269",52582,1,18353,FALSE
"3270",12574,1,18354,FALSE
"3271",4690,1,18355,FALSE
"3272",4281,1,18356,FALSE
"3273",26699,1,18357,FALSE
"3274",23817,1,18358,FALSE
"3275",4199,1,18359,FALSE
"3276",7532,1,18360,FALSE
"3277",14612,1,18361,FALSE
"3278",8131,1,18362,FALSE
"3279",9395,1,18363,FALSE
"3280",6222,1,18364,FALSE
"3281",11934,1,18365,FALSE
"3282",6324,1,18366,FALSE
"3283",6453,1,18367,FALSE
"3284",23968,1,18368,FALSE
"3285",4465,1,18369,FALSE
"3286",12693,1,18370,FALSE
"3287",3870,1,18371,FALSE
"3288",6312,1,18372,FALSE
"3289",6555,1,18373,FALSE
"3290",6518,1,18374,FALSE
"3291",7829,1,18375,FALSE
"3292",8676,1,18376,FALSE
"3293",6718,1,18377,FALSE
"3294",10735,1,18378,FALSE
"3295",10239,1,18379,FALSE
"3296",124014,1,18380,FALSE
"3297",39719,1,18381,FALSE
"3298",3590,1,18382,FALSE
"3299",5001,1,18383,FALSE
"3300",4786,1,18384,FALSE
"3301",6473,1,18385,FALSE
"3302",5254,1,18386,FALSE
"3303",3439,1,18387,FALSE
"3304",4536,1,18388,FALSE
"3305",20534,1,18389,FALSE
"3306",3177,1,18390,FALSE
"3307",4218,1,18391,FALSE
"3308",7155,1,18392,FALSE
"3309",3873,1,18393,FALSE
"3310",7031,1,18394,FALSE
"3311",3478,1,18395,FALSE
"3312",8613,1,18396,FALSE
"3313",12225,1,18397,FALSE
"3314",11511,1,18398,FALSE
"3315",4963,1,18399,FALSE
"3316",4496,1,18400,FALSE
"3317",11763,1,18401,FALSE
"3318",3523,1,18402,FALSE
"3319",8026,1,18403,FALSE
"3320",4723,1,18404,FALSE
"3321",19805,1,18405,FALSE
"3322",5414,1,18406,FALSE
"3323",7712,1,18407,FALSE
"3324",14898,1,18408,FALSE
"3325",3488,1,18409,FALSE
"3326",8650,1,18410,FALSE
"3327",14588,1,18411,FALSE
"3328",2944,1,18412,FALSE
"3329",4557,1,18413,FALSE
"3330",6538,1,18414,FALSE
"3331",11467,1,18415,FALSE
"3332",7680,1,18416,FALSE
"3333",6699,1,18417,FALSE
"3334",5447,1,18418,FALSE
"3335",8450,1,18419,FALSE
"3336",14462,1,18420,FALSE
"3337",11682,1,18421,FALSE
"3338",28163,1,18422,FALSE
"3339",14812,1,18423,FALSE
"3340",10516,1,18424,FALSE
"3341",22737,1,18425,FALSE
"3342",17710,1,18426,FALSE
"3343",6653,1,18427,FALSE
"3344",18724,1,18428,FALSE
"3345",6196,1,18429,FALSE
"3346",8859,1,18430,FALSE
"3347",6456,1,18431,FALSE
"3348",26775,1,18432,FALSE
"3349",13996,1,18433,FALSE
"3350",11901,1,18434,FALSE
"3351",7194,1,18435,FALSE
"3352",21186,1,18436,FALSE
"3353",14340,1,18437,FALSE
"3354",6938,1,18438,FALSE
"3355",6475,1,18439,FALSE
"3356",8817,1,18440,FALSE
"3357",10794,1,18441,FALSE
"3358",9464,1,18442,FALSE
"3359",21473,1,18443,FALSE
"3360",29743,1,18444,FALSE
"3361",5274,1,18445,FALSE
"3362",8365,1,18446,FALSE
"3363",4917,1,18447,FALSE
"3364",5549,1,18448,FALSE
"3365",5824,1,18449,FALSE
"3366",5432,1,18450,FALSE
"3367",2670,1,18451,FALSE
"3368",7050,1,18452,FALSE
"3369",7750,1,18453,FALSE
"3370",5350,1,18454,FALSE
"3371",6499,1,18455,FALSE
"3372",8223,1,18456,FALSE
"3373",2640,1,18457,FALSE
"3374",5713,1,18458,FALSE
"3375",4324,1,18459,FALSE
"3376",6676,1,18460,FALSE
"3377",6946,1,18461,FALSE
"3378",3275,1,18462,FALSE
"3379",7868,1,18463,FALSE
"3380",22048,1,18464,FALSE
"3381",10710,1,18465,FALSE
"3382",6181,1,18466,FALSE
"3383",4683,1,18467,FALSE
"3384",23916,1,18468,FALSE
"3385",3322,1,18469,FALSE
"3386",7139,1,18470,FALSE
"3387",8374,1,18471,FALSE
"3388",3500,1,18472,FALSE
"3389",8043,1,18473,FALSE
"3390",5290,1,18474,FALSE
"3391",10251,1,18475,FALSE
"3392",53690,1,18476,FALSE
"3393",4640,1,18477,FALSE
"3394",5141,1,18478,FALSE
"3395",6114,1,18479,FALSE
"3396",3956,1,18480,FALSE
"3397",8255,1,18481,FALSE
"3398",6301,1,18482,FALSE
"3399",17809,1,18483,FALSE
"3400",23460,1,18484,FALSE
"3401",14879,1,18485,FALSE
"3402",11850,1,18486,FALSE
"3403",6796,1,18487,FALSE
"3404",3649,1,18488,FALSE
"3405",4470,1,18489,FALSE
"3406",6531,1,18490,FALSE
"3407",8700,1,18491,FALSE
"3408",8951,1,18492,FALSE
"3409",6677,1,18493,FALSE
"3410",5954,1,18494,FALSE
"3411",15536,1,18495,FALSE
"3412",5195,1,18496,FALSE
"3413",31819,1,18497,FALSE
"3414",6660,1,18498,FALSE
"3415",20179,1,18499,FALSE
"3416",17515,1,18500,FALSE
"3417",2187,1,18501,FALSE
"3418",5389,1,18502,FALSE
"3419",21922,1,18503,FALSE
"3420",19101,1,18504,FALSE
"3421",4637,1,18505,FALSE
"3422",11056,1,18506,FALSE
"3423",14845,1,18507,FALSE
"3424",8881,1,18508,FALSE
"3425",5605,1,18509,FALSE
"3426",9495,1,18510,FALSE
"3427",9320,1,18511,FALSE
"3428",3597,1,18512,FALSE
"3429",111961,1,18513,FALSE
"3430",19458,1,18514,FALSE
"3431",7536,1,18515,FALSE
"3432",3863,1,18516,FALSE
"3433",12902,1,18517,FALSE
"3434",42614,1,18518,FALSE
"3435",10510,1,18519,FALSE
"3436",4398,1,18520,FALSE
"3437",5409,1,18521,FALSE
"3438",5197,1,18522,FALSE
"3439",18427,1,18523,FALSE
"3440",4860,1,18524,FALSE
"3441",6544,1,18525,FALSE
"3442",2230,1,18526,FALSE
"3443",70424,1,18527,FALSE
"3444",7488,1,18528,FALSE
"3445",68013,1,18529,FALSE
"3446",2780,1,18530,FALSE
"3447",11903,1,18531,FALSE
"3448",60023,1,18532,FALSE
"3449",23311,1,18533,FALSE
"3450",5495,1,18534,FALSE
"3451",27878,1,18535,FALSE
"3452",10353,1,18536,FALSE
"3453",4721,1,18537,FALSE
"3454",7315,1,18538,FALSE
"3455",32501,1,18539,FALSE
"3456",11175,1,18540,FALSE
"3457",7158,1,18541,FALSE
"3458",6827,1,18542,FALSE
"3459",8314,1,18543,FALSE
"3460",47470,1,18544,FALSE
"3461",15624,1,18545,FALSE
"3462",9672,1,18546,FALSE
"3463",4337,1,18547,FALSE
"3464",9594,1,18548,FALSE
"3465",3627,1,18549,FALSE
"3466",5701,1,18550,FALSE
"3467",3606,1,18551,FALSE
"3468",10636,1,18552,FALSE
"3469",3763,1,18553,FALSE
"3470",4336,1,18554,FALSE
"3471",8434,1,18555,FALSE
"3472",7809,1,18556,FALSE
"3473",2828,1,18557,FALSE
"3474",6803,1,18558,FALSE
"3475",8349,1,18559,FALSE
"3476",6998,1,18560,FALSE
"3477",5104,1,18561,FALSE
"3478",5019,1,18562,FALSE
"3479",6844,1,18563,FALSE
"3480",9348,1,18564,FALSE
"3481",4203,1,18565,FALSE
"3482",6894,1,18566,FALSE
"3483",6480,1,18567,FALSE
"3484",11508,1,18568,FALSE
"3485",2988,1,18569,FALSE
"3486",16499,1,18570,FALSE
"3487",11519,1,18571,FALSE
"3488",8538,1,18572,FALSE
"3489",40677,1,18573,FALSE
"3490",17300,1,18574,FALSE
"3491",11233,1,18575,FALSE
"3492",4473,1,18576,FALSE
"3493",2945,1,18577,FALSE
"3494",9411,1,18578,FALSE
"3495",17853,1,18579,FALSE
"3496",11580,1,18580,FALSE
"3497",6944,1,18581,FALSE
"3498",7102,1,18582,FALSE
"3499",6729,1,18583,FALSE
"3500",12344,1,18584,FALSE
"3501",5085,1,18585,FALSE
"3502",20947,1,18586,FALSE
"3503",4387,1,18587,FALSE
"3504",3376,1,18588,FALSE
"3505",4884,1,18589,FALSE
"3506",9024,1,18590,FALSE
"3507",6584,1,18591,FALSE
"3508",3266,1,18592,FALSE
"3509",3397,1,18593,FALSE
"3510",4444,1,18594,FALSE
"3511",20543,1,18595,FALSE
"3512",5173,1,18596,FALSE
"3513",5476,1,18597,FALSE
"3514",6389,1,18598,FALSE
"3515",10552,1,18599,FALSE
"3516",8981,1,18600,FALSE
"3517",6085,1,18601,FALSE
"3518",21893,1,18602,FALSE
"3519",8539,1,18603,FALSE
"3520",15990,1,18604,FALSE
"3521",6080,1,18605,FALSE
"3522",68636,1,18606,FALSE
"3523",5158,1,18607,FALSE
"3524",10652,1,18608,FALSE
"3525",27900,1,18609,FALSE
"3526",4043,1,18610,FALSE
"3527",6021,1,18611,FALSE
"3528",7417,1,18612,FALSE
"3529",2991,1,18613,FALSE
"3530",6719,1,18614,FALSE
"3531",7582,1,18615,FALSE
"3532",4684,1,18616,FALSE
"3533",23775,1,18617,FALSE
"3534",3738,1,18618,FALSE
"3535",4217,1,18619,FALSE
"3536",5279,1,18620,FALSE
"3537",5431,1,18621,FALSE
"3538",2971,1,18622,FALSE
"3539",16285,1,18623,FALSE
"3540",3480,1,18624,FALSE
"3541",10728,1,18625,FALSE
"3542",2379,1,18626,FALSE
"3543",3691,1,18627,FALSE
"3544",10406,1,18628,FALSE
"3545",12572,1,18629,FALSE
"3546",8805,1,18630,FALSE
"3547",16898,1,18631,FALSE
"3548",6390,1,18632,FALSE
"3549",50260,1,18633,FALSE
"3550",9549,1,18634,FALSE
"3551",2698,1,18635,FALSE
"3552",8020,1,18636,FALSE
"3553",8192,1,18637,FALSE
"3554",6945,1,18638,FALSE
"3555",4072,1,18639,FALSE
"3556",5556,1,18640,FALSE
"3557",7076,1,18641,FALSE
"3558",7857,1,18642,FALSE
"3559",2499,1,18643,FALSE
"3560",38643,1,18644,FALSE
"3561",6539,1,18645,FALSE
"3562",4560,1,18646,FALSE
"3563",5561,1,18647,FALSE
"3564",8947,1,18648,FALSE
"3565",6029,1,18649,FALSE
"3566",2326,1,18650,FALSE
"3567",9422,1,18651,FALSE
"3568",4146,1,18652,FALSE
"3569",5054,1,18653,FALSE
"3570",4053,1,18654,FALSE
"3571",6635,1,18655,FALSE
"3572",11633,1,18656,FALSE
"3573",4859,1,18657,FALSE
"3574",10295,1,18658,FALSE
"3575",3839,1,18659,FALSE
"3576",6200,1,18660,FALSE
"3577",12771,1,18661,FALSE
"3578",5979,1,18662,FALSE
"3579",4256,1,18663,FALSE
"3580",6004,1,18664,FALSE
"3581",4342,1,18665,FALSE
"3582",14702,1,18666,FALSE
"3583",46775,1,18667,FALSE
"3584",4363,1,18668,FALSE
"3585",3066,1,18669,FALSE
"3586",3579,1,18670,FALSE
"3587",3217,1,18671,FALSE
"3588",7684,1,18672,FALSE
"3589",11442,1,18673,FALSE
"3590",3360,1,18674,FALSE
"3591",5415,1,18675,FALSE
"3592",7537,1,18676,FALSE
"3593",7017,1,18677,FALSE
"3594",11808,1,18678,FALSE
"3595",13586,1,18679,FALSE
"3596",11820,1,18680,FALSE
"3597",23073,1,18681,FALSE
"3598",7033,1,18682,FALSE
"3599",3271,1,18683,FALSE
"3600",7448,1,18684,FALSE
"3601",10020,1,18685,FALSE
"3602",6247,1,18686,FALSE
"3603",5787,1,18687,FALSE
"3604",4019,1,18688,FALSE
"3605",5793,1,18689,FALSE
"3606",7429,1,18690,FALSE
"3607",10186,1,18691,FALSE
"3608",4960,1,18692,FALSE
"3609",13550,1,18693,FALSE
"3610",12948,1,18694,FALSE
"3611",16107,1,18695,FALSE
"3612",7439,1,18696,FALSE
"3613",12402,1,18697,FALSE
"3614",14726,1,18698,FALSE
"3615",3205,1,18699,FALSE
"3616",13446,1,18700,FALSE
"3617",5130,1,18701,FALSE
"3618",3413,1,18702,FALSE
"3619",8179,1,18703,FALSE
"3620",2362,1,18704,FALSE
"3621",7548,1,18705,FALSE
"3622",4475,1,18706,FALSE
"3623",13628,1,18707,FALSE
"3624",125781,1,18708,FALSE
"3625",3571,1,18709,FALSE
"3626",6151,1,18710,FALSE
"3627",22728,1,18711,FALSE
"3628",6790,1,18712,FALSE
"3629",10729,1,18713,FALSE
"3630",404164,1,18714,FALSE
"3631",82282,1,18715,FALSE
"3632",14507,1,18716,FALSE
"3633",7526,1,18717,FALSE
"3634",7366,1,18718,FALSE
"3635",14522,1,18719,FALSE
"3636",18698,1,18720,FALSE
"3637",6721,1,18721,FALSE
"3638",7214,1,18722,FALSE
"3639",10146,1,18723,FALSE
"3640",5513,1,18724,FALSE
"3641",6570,1,18725,FALSE
"3642",11329,1,18726,FALSE
"3643",4290,1,18727,FALSE
"3644",3464,1,18728,FALSE
"3645",3630,1,18729,FALSE
"3646",4262,1,18730,FALSE
"3647",7022,1,18731,FALSE
"3648",14322,1,18732,FALSE
"3649",7279,1,18733,FALSE
"3650",8481,1,18734,FALSE
"3651",18274,1,18735,FALSE
"3652",11706,1,18736,FALSE
"3653",7142,1,18737,FALSE
"3654",6526,1,18738,FALSE
"3655",6581,1,18739,FALSE
"3656",11848,1,18740,FALSE
"3657",6092,1,18741,FALSE
"3658",4271,1,18742,FALSE
"3659",6318,1,18743,FALSE
"3660",34121,1,18744,FALSE
"3661",6232,1,18745,FALSE
"3662",3307,1,18746,FALSE
"3663",8161,1,18747,FALSE
"3664",17311,1,18748,FALSE
"3665",16511,1,18749,FALSE
"3666",10874,1,18750,FALSE
"3667",4958,1,18751,FALSE
"3668",8612,1,18752,FALSE
"3669",6501,1,18753,FALSE
"3670",13881,1,18754,FALSE
"3671",34355,1,18755,FALSE
"3672",5311,1,18756,FALSE
"3673",5845,1,18757,FALSE
"3674",11622,1,18758,FALSE
"3675",16270,1,18759,FALSE
"3676",4765,1,18760,FALSE
"3677",4698,1,18761,FALSE
"3678",4416,1,18762,FALSE
"3679",6759,1,18763,FALSE
"3680",5179,1,18764,FALSE
"3681",5020,1,18765,FALSE
"3682",8959,1,18766,FALSE
"3683",178295,1,18767,FALSE
"3684",5492,1,18768,FALSE
"3685",3095,1,18769,FALSE
"3686",13198,1,18770,FALSE
"3687",13499,1,18771,FALSE
"3688",28647,1,18772,FALSE
"3689",6846,1,18773,FALSE
"3690",3941,1,18774,FALSE
"3691",5856,1,18775,FALSE
"3692",6135,1,18776,FALSE
"3693",6269,1,18777,FALSE
"3694",6101,1,18778,FALSE
"3695",10582,1,18779,FALSE
"3696",9775,1,18780,FALSE
"3697",9367,1,18781,FALSE
"3698",9449,1,18782,FALSE
"3699",10034,1,18783,FALSE
"3700",6170,1,18784,FALSE
"3701",3842,1,18785,FALSE
"3702",3564,1,18786,FALSE
"3703",3670,1,18787,FALSE
"3704",4414,1,18788,FALSE
"3705",4176,1,18789,FALSE
"3706",13543,1,18790,FALSE
"3707",30680,1,18791,FALSE
"3708",16047,1,18792,FALSE
"3709",10280,1,18793,FALSE
"3710",5976,1,18794,FALSE
"3711",7701,1,18795,FALSE
"3712",14200,1,18796,FALSE
"3713",6877,1,18797,FALSE
"3714",4705,1,18798,FALSE
"3715",2473,1,18799,FALSE
"3716",44609,1,18800,FALSE
"3717",11774,1,18801,FALSE
"3718",12750,1,18802,FALSE
"3719",15497,1,18803,FALSE
"3720",5205,1,18804,FALSE
"3721",4980,1,18805,FALSE
"3722",2853,1,18806,FALSE
"3723",5913,1,18807,FALSE
"3724",5534,1,18808,FALSE
"3725",24033,1,18809,FALSE
"3726",7873,1,18810,FALSE
"3727",3453,1,18811,FALSE
"3728",10643,1,18812,FALSE
"3729",4477,1,18813,FALSE
"3730",5771,1,18814,FALSE
"3731",5308,1,18815,FALSE
"3732",21290,1,18816,FALSE
"3733",7107,1,18817,FALSE
"3734",14596,1,18818,FALSE
"3735",10414,1,18819,FALSE
"3736",34527,1,18820,FALSE
"3737",3992,1,18821,FALSE
"3738",34706,1,18822,FALSE
"3739",2721,1,18823,FALSE
"3740",26075,1,18824,FALSE
"3741",2512,1,18825,FALSE
"3742",4361,1,18826,FALSE
"3743",17036,1,18827,FALSE
"3744",4915,1,18828,FALSE
"3745",14129,1,18829,FALSE
"3746",5946,1,18830,FALSE
"3747",8044,1,18831,FALSE
"3748",21302,1,18832,FALSE
"3749",4054,1,18833,FALSE
"3750",21502,1,18834,FALSE
"3751",2501,1,18835,FALSE
"3752",8760,1,18836,FALSE
"3753",13422,1,18837,FALSE
"3754",19983,1,18838,FALSE
"3755",3243,1,18839,FALSE
"3756",8283,1,18840,FALSE
"3757",7251,1,18841,FALSE
"3758",5849,1,18842,FALSE
"3759",6720,1,18843,FALSE
"3760",12695,1,18844,FALSE
"3761",3644,1,18845,FALSE
"3762",3912,1,18846,FALSE
"3763",123228,1,18847,FALSE
"3764",39138,1,18848,FALSE
"3765",4101,1,18849,FALSE
"3766",3116,1,18850,FALSE
"3767",7088,1,18851,FALSE
"3768",4937,1,18852,FALSE
"3769",32118,1,18853,FALSE
"3770",18927,1,18854,FALSE
"3771",2800,1,18855,FALSE
"3772",8468,1,18856,FALSE
"3773",5427,1,18857,FALSE
"3774",9031,1,18858,FALSE
"3775",5784,1,18859,FALSE
"3776",22449,1,18860,FALSE
"3777",5312,1,18861,FALSE
"3778",9338,1,18862,FALSE
"3779",6756,1,18863,FALSE
"3780",14540,1,18864,FALSE
"3781",8053,1,18865,FALSE
"3782",289288,1,18866,FALSE
"3783",4529,1,18867,FALSE
"3784",4676,1,18868,FALSE
"3785",6416,1,18869,FALSE
"3786",5613,1,18870,FALSE
"3787",4377,1,18871,FALSE
"3788",37523,1,18872,FALSE
"3789",10088,1,18873,FALSE
"3790",14648,1,18874,FALSE
"3791",6688,1,18875,FALSE
"3792",4204,1,18876,FALSE
"3793",10214,1,18877,FALSE
"3794",3469,1,18878,FALSE
"3795",17627,1,18879,FALSE
"3796",4379,1,18880,FALSE
"3797",8376,1,18881,FALSE
"3798",5806,1,18882,FALSE
"3799",4059,1,18883,FALSE
"3800",8764,1,18884,FALSE
"3801",3021,1,18885,FALSE
"3802",5961,1,18886,FALSE
"3803",8858,1,18887,FALSE
"3804",13077,1,18888,FALSE
"3805",5196,1,18889,FALSE
"3806",12210,1,18890,FALSE
"3807",3742,1,18891,FALSE
"3808",30386,1,18892,FALSE
"3809",5768,1,18893,FALSE
"3810",6824,1,18894,FALSE
"3811",4919,1,18895,FALSE
"3812",12144,1,18896,FALSE
"3813",10177,1,18897,FALSE
"3814",4323,1,18898,FALSE
"3815",7003,1,18899,FALSE
"3816",12227,1,18900,FALSE
"3817",4619,1,18901,FALSE
"3818",4467,1,18902,FALSE
"3819",4534,1,18903,FALSE
"3820",19438,1,18904,FALSE
"3821",10991,1,18905,FALSE
"3822",2369,1,18906,FALSE
"3823",3320,1,18907,FALSE
"3824",8175,1,18908,FALSE
"3825",4562,1,18909,FALSE
"3826",12733,1,18910,FALSE
"3827",8727,1,18911,FALSE
"3828",9245,1,18912,FALSE
"3829",8593,1,18913,FALSE
"3830",4328,1,18914,FALSE
"3831",6714,1,18915,FALSE
"3832",46621,1,18916,FALSE
"3833",7859,1,18917,FALSE
"3834",11694,1,18918,FALSE
"3835",17364,1,18919,FALSE
"3836",3756,1,18920,FALSE
"3837",18609,1,18921,FALSE
"3838",10138,1,18922,FALSE
"3839",7487,1,18923,FALSE
"3840",3026,1,18924,FALSE
"3841",9139,1,18925,FALSE
"3842",5238,1,18926,FALSE
"3843",13273,1,18927,FALSE
"3844",3807,1,18928,FALSE
"3845",3385,1,18929,FALSE
"3846",12273,1,18930,FALSE
"3847",8654,1,18931,FALSE
"3848",5802,1,18932,FALSE
"3849",4302,1,18933,FALSE
"3850",22927,1,18934,FALSE
"3851",16633,1,18935,FALSE
"3852",3882,1,18936,FALSE
"3853",6464,1,18937,FALSE
"3854",5377,1,18938,FALSE
"3855",3986,1,18939,FALSE
"3856",4428,1,18940,FALSE
"3857",41277,1,18941,FALSE
"3858",15021,1,18942,FALSE
"3859",7561,1,18943,FALSE
"3860",3292,1,18944,FALSE
"3861",8940,1,18945,FALSE
"3862",10726,1,18946,FALSE
"3863",6591,1,18947,FALSE
"3864",15001,1,18948,FALSE
"3865",6402,1,18949,FALSE
"3866",7763,1,18950,FALSE
"3867",7547,1,18951,FALSE
"3868",7997,1,18952,FALSE
"3869",9583,1,18953,FALSE
"3870",13323,1,18954,FALSE
"3871",7601,1,18955,FALSE
"3872",6391,1,18956,FALSE
"3873",41795,1,18957,FALSE
"3874",10739,1,18958,FALSE
"3875",6271,1,18959,FALSE
"3876",4109,1,18960,FALSE
"3877",6772,1,18961,FALSE
"3878",5446,1,18962,FALSE
"3879",7350,1,18963,FALSE
"3880",16792,1,18964,FALSE
"3881",5655,1,18965,FALSE
"3882",21556,1,18966,FALSE
"3883",15015,1,18967,FALSE
"3884",7592,1,18968,FALSE
"3885",7359,1,18969,FALSE
"3886",13192,1,18970,FALSE
"3887",2239,1,18971,FALSE
"3888",3112,1,18972,FALSE
"3889",3552,1,18973,FALSE
"3890",6350,1,18974,FALSE
"3891",4360,1,18975,FALSE
"3892",8816,1,18976,FALSE
"3893",7936,1,18977,FALSE
"3894",3506,1,18978,FALSE
"3895",5391,1,18979,FALSE
"3896",14759,1,18980,FALSE
"3897",7038,1,18981,FALSE
"3898",13045,1,18982,FALSE
"3899",5237,1,18983,FALSE
"3900",3063,1,18984,FALSE
"3901",3683,1,18985,FALSE
"3902",4224,1,18986,FALSE
"3903",3278,1,18987,FALSE
"3904",2857,1,18988,FALSE
"3905",7198,1,18989,FALSE
"3906",4754,1,18990,FALSE
"3907",5553,1,18991,FALSE
"3908",9854,1,18992,FALSE
"3909",4808,1,18993,FALSE
"3910",5638,1,18994,FALSE
"3911",10621,1,18995,FALSE
"3912",16677,1,18996,FALSE
"3913",8412,1,18997,FALSE
"3914",22457,1,18998,FALSE
"3915",8749,1,18999,FALSE
"3916",11048,1,19000,FALSE
"3917",4595,1,19001,FALSE
"3918",5858,1,19002,FALSE
"3919",14298,1,19003,FALSE
"3920",5551,1,19004,FALSE
"3921",6533,1,19005,FALSE
"3922",4086,1,19006,FALSE
"3923",4743,1,19007,FALSE
"3924",77481,1,19008,FALSE
"3925",5515,1,19009,FALSE
"3926",2806,1,19010,FALSE
"3927",5228,1,19011,FALSE
"3928",16017,1,19012,FALSE
"3929",4344,1,19013,FALSE
"3930",4829,1,19014,FALSE
"3931",12487,1,19015,FALSE
"3932",8849,1,19016,FALSE
"3933",51717,1,19017,FALSE
"3934",5480,1,19018,FALSE
"3935",7658,1,19019,FALSE
"3936",6382,1,19020,FALSE
"3937",3380,1,19021,FALSE
"3938",5755,1,19022,FALSE
"3939",9889,1,19023,FALSE
"3940",12744,1,19024,FALSE
"3941",77088,1,19025,FALSE
"3942",3656,1,19026,FALSE
"3943",5131,1,19027,FALSE
"3944",25743,1,19028,FALSE
"3945",18451,1,19029,FALSE
"3946",3083,1,19030,FALSE
"3947",9544,1,19031,FALSE
"3948",5450,1,19032,FALSE
"3949",5578,1,19033,FALSE
"3950",4213,1,19034,FALSE
"3951",7560,1,19035,FALSE
"3952",27771,1,19036,FALSE
"3953",10743,1,19037,FALSE
"3954",8118,1,19038,FALSE
"3955",9471,1,19039,FALSE
"3956",4522,1,19040,FALSE
"3957",32974,1,19041,FALSE
"3958",6031,1,19042,FALSE
"3959",11403,1,19043,FALSE
"3960",7386,1,19044,FALSE
"3961",11116,1,19045,FALSE
"3962",9379,1,19046,FALSE
"3963",6817,1,19047,FALSE
"3964",2174,1,19048,FALSE
"3965",9190,1,19049,FALSE
"3966",23990,1,19050,FALSE
"3967",66393,1,19051,FALSE
"3968",24064,1,19052,FALSE
"3969",3203,1,19053,FALSE
"3970",7591,1,19054,FALSE
"3971",9948,1,19055,FALSE
"3972",11264,1,19056,FALSE
"3973",16700,1,19057,FALSE
"3974",16564,1,19058,FALSE
"3975",7169,1,19059,FALSE
"3976",9228,1,19060,FALSE
"3977",1755,1,19061,FALSE
"3978",4737,1,19062,FALSE
"3979",5871,1,19063,FALSE
"3980",7182,1,19064,FALSE
"3981",7368,1,19065,FALSE
"3982",7899,1,19066,FALSE
"3983",9313,1,19067,FALSE
"3984",317511,1,19068,FALSE
"3985",15561,1,19069,FALSE
"3986",18351,1,19070,FALSE
"3987",8393,1,19071,FALSE
"3988",1922,1,19072,FALSE
"3989",7029,1,19073,FALSE
"3990",5227,1,19074,FALSE
"3991",6560,1,19075,FALSE
"3992",57870,1,19076,FALSE
"3993",5436,1,19077,FALSE
"3994",25082,1,19078,FALSE
"3995",3344,1,19079,FALSE
"3996",7644,1,19080,FALSE
"3997",3719,1,19081,FALSE
"3998",4910,1,19082,FALSE
"3999",7133,1,19083,FALSE
"4000",8397,1,19084,FALSE
"4001",11343,1,19085,FALSE
"4002",4082,1,19086,FALSE
"4003",6017,1,19087,FALSE
"4004",5433,1,19088,FALSE
"4005",14313,1,19089,FALSE
"4006",14659,1,19090,FALSE
"4007",9388,1,19091,FALSE
"4008",5169,1,19092,FALSE
"4009",29931,1,19093,FALSE
"4010",4436,1,19094,FALSE
"4011",9666,1,19095,FALSE
"4012",7566,1,19096,FALSE
"4013",11537,1,19097,FALSE
"4014",86359,1,19098,FALSE
"4015",16011,1,19099,FALSE
"4016",7509,1,19100,FALSE
"4017",22251,1,19101,FALSE
"4018",8077,1,19102,FALSE
"4019",3051,1,19103,FALSE
"4020",9322,1,19104,FALSE
"4021",54643,1,19105,FALSE
"4022",4439,1,19106,FALSE
"4023",5338,1,19107,FALSE
"4024",3724,1,19108,FALSE
"4025",4352,1,19109,FALSE
"4026",15727,1,19110,FALSE
"4027",9011,1,19111,FALSE
"4028",3450,1,19112,FALSE
"4029",7982,1,19113,FALSE
"4030",9534,1,19114,FALSE
"4031",14694,1,19115,FALSE
"4032",10704,1,19116,FALSE
"4033",2146,1,19117,FALSE
"4034",13577,1,19118,FALSE
"4035",10330,1,19119,FALSE
"4036",5873,1,19120,FALSE
"4037",9457,1,19121,FALSE
"4038",6966,1,19122,FALSE
"4039",4601,1,19123,FALSE
"4040",3589,1,19124,FALSE
"4041",8688,1,19125,FALSE
"4042",3077,1,19126,FALSE
"4043",3471,1,19127,FALSE
"4044",8055,1,19128,FALSE
"4045",18956,1,19129,FALSE
"4046",9016,1,19130,FALSE
"4047",5105,1,19131,FALSE
"4048",6882,1,19132,FALSE
"4049",18406,1,19133,FALSE
"4050",4739,1,19134,FALSE
"4051",7693,1,19135,FALSE
"4052",5580,1,19136,FALSE
"4053",4602,1,19137,FALSE
"4054",5762,1,19138,FALSE
"4055",14899,1,19139,FALSE
"4056",6869,1,19140,FALSE
"4057",4702,1,19141,FALSE
"4058",8871,1,19142,FALSE
"4059",5167,1,19143,FALSE
"4060",7642,1,19144,FALSE
"4061",3681,1,19145,FALSE
"4062",6871,1,19146,FALSE
"4063",2989,1,19147,FALSE
"4064",78264,1,19148,FALSE
"4065",2058,1,19149,FALSE
"4066",9582,1,19150,FALSE
"4067",3955,1,19151,FALSE
"4068",8247,1,19152,FALSE
"4069",27351,1,19153,FALSE
"4070",2769,1,19154,FALSE
"4071",14217,1,19155,FALSE
"4072",5903,1,19156,FALSE
"4073",25473,1,19157,FALSE
"4074",2619,1,19158,FALSE
"4075",14984,1,19159,FALSE
"4076",6302,1,19160,FALSE
"4077",44324,1,19161,FALSE
"4078",18047,1,19162,FALSE
"4079",4480,1,19163,FALSE
"4080",9280,1,19164,FALSE
"4081",6332,1,19165,FALSE
"4082",9360,1,19166,FALSE
"4083",7562,1,19167,FALSE
"4084",28848,1,19168,FALSE
"4085",5695,1,19169,FALSE
"4086",7549,1,19170,FALSE
"4087",15622,1,19171,FALSE
"4088",12488,1,19172,FALSE
"4089",5734,1,19173,FALSE
"4090",21176,1,19174,FALSE
"4091",5535,1,19175,FALSE
"4092",5697,1,19176,FALSE
"4093",9070,1,19177,FALSE
"4094",4609,1,19178,FALSE
"4095",31882,1,19179,FALSE
"4096",9106,1,19180,FALSE
"4097",68736,1,19181,FALSE
"4098",4124,1,19182,FALSE
"4099",3505,1,19183,FALSE
"4100",9287,1,19184,FALSE
"4101",6804,1,19185,FALSE
"4102",18488,1,19186,FALSE
"4103",6546,1,19187,FALSE
"4104",63369,1,19188,FALSE
"4105",7057,1,19189,FALSE
"4106",8287,1,19190,FALSE
"4107",8305,1,19191,FALSE
"4108",6684,1,19192,FALSE
"4109",4393,1,19193,FALSE
"4110",7593,1,19194,FALSE
"4111",23332,1,19195,FALSE
"4112",5264,1,19196,FALSE
"4113",56472,1,19197,FALSE
"4114",4343,1,19198,FALSE
"4115",4603,1,19199,FALSE
"4116",3779,1,19200,FALSE
"4117",5081,1,19201,FALSE
"4118",22425,1,19202,FALSE
"4119",10790,1,19203,FALSE
"4120",6821,1,19204,FALSE
"4121",5124,1,19205,FALSE
"4122",6979,1,19206,FALSE
"4123",5075,1,19207,FALSE
"4124",12597,1,19208,FALSE
"4125",8000,1,19209,FALSE
"4126",4844,1,19210,FALSE
"4127",7950,1,19211,FALSE
"4128",9324,1,19212,FALSE
"4129",10106,1,19213,FALSE
"4130",4761,1,19214,FALSE
"4131",6049,1,19215,FALSE
"4132",6219,1,19216,FALSE
"4133",9279,1,19217,FALSE
"4134",46339,1,19218,FALSE
"4135",5902,1,19219,FALSE
"4136",6374,1,19220,FALSE
"4137",3925,1,19221,FALSE
"4138",15203,1,19222,FALSE
"4139",33760,1,19223,FALSE
"4140",3343,1,19224,FALSE
"4141",5031,1,19225,FALSE
"4142",4455,1,19226,FALSE
"4143",15233,1,19227,FALSE
"4144",32356,1,19228,FALSE
"4145",10768,1,19229,FALSE
"4146",3325,1,19230,FALSE
"4147",5995,1,19231,FALSE
"4148",11739,1,19232,FALSE
"4149",10613,1,19233,FALSE
"4150",15196,1,19234,FALSE
"4151",4446,1,19235,FALSE
"4152",9497,1,19236,FALSE
"4153",10489,1,19237,FALSE
"4154",24766,1,19238,FALSE
"4155",6576,1,19239,FALSE
"4156",14570,1,19240,FALSE
"4157",24638,1,19241,FALSE
"4158",2911,1,19242,FALSE
"4159",128835,1,19243,FALSE
"4160",9687,1,19244,FALSE
"4161",5163,1,19245,FALSE
"4162",75977,1,19246,FALSE
"4163",3821,1,19247,FALSE
"4164",24722,1,19248,FALSE
"4165",10800,1,19249,FALSE
"4166",141843,1,19250,FALSE
"4167",13620,1,19251,FALSE
"4168",4118,1,19252,FALSE
"4169",4248,1,19253,FALSE
"4170",4532,1,19254,FALSE
"4171",12078,1,19255,FALSE
"4172",16630,1,19256,FALSE
"4173",5691,1,19257,FALSE
"4174",11929,1,19258,FALSE
"4175",19909,1,19259,FALSE
"4176",6281,1,19260,FALSE
"4177",4810,1,19261,FALSE
"4178",60038,1,19262,FALSE
"4179",4804,1,19263,FALSE
"4180",11108,1,19264,FALSE
"4181",5229,1,19265,FALSE
"4182",3247,1,19266,FALSE
"4183",7177,1,19267,FALSE
"4184",5966,1,19268,FALSE
"4185",26459,1,19269,FALSE
"4186",3348,1,19270,FALSE
"4187",15026,1,19271,FALSE
"4188",19760,1,19272,FALSE
"4189",23738,1,19273,FALSE
"4190",7146,1,19274,FALSE
"4191",7793,1,19275,FALSE
"4192",8510,1,19276,FALSE
"4193",40975,1,19277,FALSE
"4194",6780,1,19278,FALSE
"4195",5010,1,19279,FALSE
"4196",3620,1,19280,FALSE
"4197",11258,1,19281,FALSE
"4198",5975,1,19282,FALSE
"4199",8815,1,19283,FALSE
"4200",4286,1,19284,FALSE
"4201",2386,1,19285,FALSE
"4202",30042,1,19286,FALSE
"4203",8367,1,19287,FALSE
"4204",3508,1,19288,FALSE
"4205",4865,1,19289,FALSE
"4206",4803,1,19290,FALSE
"4207",10195,1,19291,FALSE
"4208",9749,1,19292,FALSE
"4209",3062,1,19293,FALSE
"4210",20402,1,19294,FALSE
"4211",4219,1,19295,FALSE
"4212",2092,1,19296,FALSE
"4213",10526,1,19297,FALSE
"4214",6955,1,19298,FALSE
"4215",17742,1,19299,FALSE
"4216",13181,1,19300,FALSE
"4217",10542,1,19301,FALSE
"4218",4738,1,19302,FALSE
"4219",5675,1,19303,FALSE
"4220",17663,1,19304,FALSE
"4221",32603,1,19305,FALSE
"4222",9893,1,19306,FALSE
"4223",6408,1,19307,FALSE
"4224",3626,1,19308,FALSE
"4225",12640,1,19309,FALSE
"4226",11266,1,19310,FALSE
"4227",13276,1,19311,FALSE
"4228",8426,1,19312,FALSE
"4229",2970,1,19313,FALSE
"4230",10700,1,19314,FALSE
"4231",4646,1,19315,FALSE
"4232",19071,1,19316,FALSE
"4233",5735,1,19317,FALSE
"4234",3225,1,19318,FALSE
"4235",3242,1,19319,FALSE
"4236",3146,1,19320,FALSE
"4237",3984,1,19321,FALSE
"4238",11968,1,19322,FALSE
"4239",8853,1,19323,FALSE
"4240",12531,1,19324,FALSE
"4241",30670,1,19325,FALSE
"4242",6419,1,19326,FALSE
"4243",23014,1,19327,FALSE
"4244",13700,1,19328,FALSE
"4245",12110,1,19329,FALSE
"4246",13854,1,19330,FALSE
"4247",11209,1,19331,FALSE
"4248",10368,1,19332,FALSE
"4249",3901,1,19333,FALSE
"4250",3137,1,19334,FALSE
"4251",13318,1,19335,FALSE
"4252",13572,1,19336,FALSE
"4253",12189,1,19337,FALSE
"4254",6399,1,19338,FALSE
"4255",4855,1,19339,FALSE
"4256",10556,1,19340,FALSE
"4257",3165,1,19341,FALSE
"4258",4434,1,19342,FALSE
"4259",10589,1,19343,FALSE
"4260",4798,1,19344,FALSE
"4261",24836,1,19345,FALSE
"4262",3900,1,19346,FALSE
"4263",3129,1,19347,FALSE
"4264",8610,1,19348,FALSE
"4265",6026,1,19349,FALSE
"4266",11299,1,19350,FALSE
"4267",18065,1,19351,FALSE
"4268",54052,1,19352,FALSE
"4269",5604,1,19353,FALSE
"4270",3602,1,19354,FALSE
"4271",4375,1,19355,FALSE
"4272",9186,1,19356,FALSE
"4273",5301,1,19357,FALSE
"4274",3697,1,19358,FALSE
"4275",7043,1,19359,FALSE
"4276",12759,1,19360,FALSE
"4277",4014,1,19361,FALSE
"4278",3732,1,19362,FALSE
"4279",5729,1,19363,FALSE
"4280",7458,1,19364,FALSE
"4281",5260,1,19365,FALSE
"4282",5810,1,19366,FALSE
"4283",5757,1,19367,FALSE
"4284",3429,1,19368,FALSE
"4285",4081,1,19369,FALSE
"4286",8812,1,19370,FALSE
"4287",11337,1,19371,FALSE
"4288",8400,1,19372,FALSE
"4289",7193,1,19373,FALSE
"4290",5143,1,19374,FALSE
"4291",3164,1,19375,FALSE
"4292",4577,1,19376,FALSE
"4293",3458,1,19377,FALSE
"4294",12376,1,19378,FALSE
"4295",2974,1,19379,FALSE
"4296",7535,1,19380,FALSE
"4297",3559,1,19381,FALSE
"4298",12848,1,19382,FALSE
"4299",5266,1,19383,FALSE
"4300",7420,1,19384,FALSE
"4301",4984,1,19385,FALSE
"4302",6109,1,19386,FALSE
"4303",20041,1,19387,FALSE
"4304",28149,1,19388,FALSE
"4305",17549,1,19389,FALSE
"4306",4457,1,19390,FALSE
"4307",6414,1,19391,FALSE
"4308",6830,1,19392,FALSE
"4309",5986,1,19393,FALSE
"4310",24575,1,19394,FALSE
"4311",3372,1,19395,FALSE
"4312",3492,1,19396,FALSE
"4313",10217,1,19397,FALSE
"4314",14182,1,19398,FALSE
"4315",8157,1,19399,FALSE
"4316",13034,1,19400,FALSE
"4317",5904,1,19401,FALSE
"4318",8711,1,19402,FALSE
"4319",5419,1,19403,FALSE
"4320",11338,1,19404,FALSE
"4321",7313,1,19405,FALSE
"4322",14445,1,19406,FALSE
"4323",4864,1,19407,FALSE
"4324",10642,1,19408,FALSE
"4325",6595,1,19409,FALSE
"4326",3536,1,19410,FALSE
"4327",6064,1,19411,FALSE
"4328",4579,1,19412,FALSE
"4329",9617,1,19413,FALSE
"4330",9033,1,19414,FALSE
"4331",6347,1,19415,FALSE
"4332",7611,1,19416,FALSE
"4333",10502,1,19417,FALSE
"4334",3369,1,19418,FALSE
"4335",6446,1,19419,FALSE
"4336",3475,1,19420,FALSE
"4337",8214,1,19421,FALSE
"4338",6663,1,19422,FALSE
"4339",7612,1,19423,FALSE
"4340",108093,1,19424,FALSE
"4341",11047,1,19425,FALSE
"4342",5688,1,19426,FALSE
"4343",9416,1,19427,FALSE
"4344",11877,1,19428,FALSE
"4345",16749,1,19429,FALSE
"4346",6194,1,19430,FALSE
"4347",10288,1,19431,FALSE
"4348",6610,1,19432,FALSE
"4349",14871,1,19433,FALSE
"4350",11328,1,19434,FALSE
"4351",20848,1,19435,FALSE
"4352",15723,1,19436,FALSE
"4353",9377,1,19437,FALSE
"4354",2941,1,19438,FALSE
"4355",5351,1,19439,FALSE
"4356",15451,1,19440,FALSE
"4357",7807,1,19441,FALSE
"4358",7087,1,19442,FALSE
"4359",24266,1,19443,FALSE
"4360",7212,1,19444,FALSE
"4361",20847,1,19445,FALSE
"4362",3039,1,19446,FALSE
"4363",39087,1,19447,FALSE
"4364",4454,1,19448,FALSE
"4365",4484,1,19449,FALSE
"4366",3347,1,19450,FALSE
"4367",14384,1,19451,FALSE
"4368",3587,1,19452,FALSE
"4369",4852,1,19453,FALSE
"4370",28004,1,19454,FALSE
"4371",4229,1,19455,FALSE
"4372",4728,1,19456,FALSE
"4373",14274,1,19457,FALSE
"4374",2897,1,19458,FALSE
"4375",5353,1,19459,FALSE
"4376",37804,1,19460,FALSE
"4377",4741,1,19461,FALSE
"4378",4672,1,19462,FALSE
"4379",14720,1,19463,FALSE
"4380",16309,1,19464,FALSE
"4381",6344,1,19465,FALSE
"4382",28881,1,19466,FALSE
"4383",3811,1,19467,FALSE
"4384",14070,1,19468,FALSE
"4385",9767,1,19469,FALSE
"4386",2343,1,19470,FALSE
"4387",43646,1,19471,FALSE
"4388",7425,1,19472,FALSE
"4389",3685,1,19473,FALSE
"4390",5989,1,19474,FALSE
"4391",3689,1,19475,FALSE
"4392",4923,1,19476,FALSE
"4393",8974,1,19477,FALSE
"4394",25689,1,19478,FALSE
"4395",3034,1,19479,FALSE
"4396",7926,1,19480,FALSE
"4397",22961,1,19481,FALSE
"4398",4775,1,19482,FALSE
"4399",4047,1,19483,FALSE
"4400",11095,1,19484,FALSE
"4401",6779,1,19485,FALSE
"4402",3072,1,19486,FALSE
"4403",15097,1,19487,FALSE
"4404",6596,1,19488,FALSE
"4405",5089,1,19489,FALSE
"4406",7252,1,19490,FALSE
"4407",4823,1,19491,FALSE
"4408",4787,1,19492,FALSE
"4409",22211,1,19493,FALSE
"4410",5441,1,19494,FALSE
"4411",10543,1,19495,FALSE
"4412",30265,1,19496,FALSE
"4413",14013,1,19497,FALSE
"4414",7034,1,19498,FALSE
"4415",3889,1,19499,FALSE
"4416",4778,1,19500,FALSE
"4417",23979,1,19501,FALSE
"4418",6775,1,19502,FALSE
"4419",3896,1,19503,FALSE
"4420",7795,1,19504,FALSE
"4421",4491,1,19505,FALSE
"4422",4012,1,19506,FALSE
"4423",3229,1,19507,FALSE
"4424",20107,1,19508,FALSE
"4425",8925,1,19509,FALSE
"4426",4961,1,19510,FALSE
"4427",6452,1,19511,FALSE
"4428",66246,1,19512,FALSE
"4429",11007,1,19513,FALSE
"4430",8703,1,19514,FALSE
"4431",12217,1,19515,FALSE
"4432",8440,1,19516,FALSE
"4433",7136,1,19517,FALSE
"4434",2890,1,19518,FALSE
"4435",295055,1,19519,FALSE
"4436",6488,1,19520,FALSE
"4437",35151,1,19521,FALSE
"4438",8015,1,19522,FALSE
"4439",72178,1,19523,FALSE
"4440",5147,1,19524,FALSE
"4441",10017,1,19525,FALSE
"4442",3789,1,19526,FALSE
"4443",91607,1,19527,FALSE
"4444",19631,1,19528,FALSE
"4445",5487,1,19529,FALSE
"4446",4517,1,19530,FALSE
"4447",6330,1,19531,FALSE
"4448",6939,1,19532,FALSE
"4449",5248,1,19533,FALSE
"4450",12773,1,19534,FALSE
"4451",10498,1,19535,FALSE
"4452",6726,1,19536,FALSE
"4453",14732,1,19537,FALSE
"4454",3982,1,19538,FALSE
"4455",15540,1,19539,FALSE
"4456",6948,1,19540,FALSE
"4457",25511,1,19541,FALSE
"4458",10684,1,19542,FALSE
"4459",6689,1,19543,FALSE
"4460",8751,1,19544,FALSE
"4461",35613,1,19545,FALSE
"4462",3336,1,19546,FALSE
"4463",40412,1,19547,FALSE
"4464",13364,1,19548,FALSE
"4465",20087,1,19549,FALSE
"4466",9045,1,19550,FALSE
"4467",4812,1,19551,FALSE
"4468",3012,1,19552,FALSE
"4469",4792,1,19553,FALSE
"4470",3748,1,19554,FALSE
"4471",6913,1,19555,FALSE
"4472",6624,1,19556,FALSE
"4473",17392,1,19557,FALSE
"4474",10911,1,19558,FALSE
"4475",10279,1,19559,FALSE
"4476",3209,1,19560,FALSE
"4477",10361,1,19561,FALSE
"4478",3230,1,19562,FALSE
"4479",21632,1,19563,FALSE
"4480",9835,1,19564,FALSE
"4481",3803,1,19565,FALSE
"4482",9574,1,19566,FALSE
"4483",7071,1,19567,FALSE
"4484",216727,1,19568,FALSE
"4485",8930,1,19569,FALSE
"4486",6260,1,19570,FALSE
"4487",8561,1,19571,FALSE
"4488",9682,1,19572,FALSE
"4489",64802,1,19573,FALSE
"4490",18789,1,19574,FALSE
"4491",5461,1,19575,FALSE
"4492",12718,1,19576,FALSE
"4493",8379,1,19577,FALSE
"4494",4276,1,19578,FALSE
"4495",13219,1,19579,FALSE
"4496",6829,1,19580,FALSE
"4497",9161,1,19581,FALSE
"4498",9770,1,19582,FALSE
"4499",7342,1,19583,FALSE
"4500",5814,1,19584,FALSE
"4501",3415,1,19585,FALSE
"4502",10648,1,19586,FALSE
"4503",5730,1,19587,FALSE
"4504",16892,1,19588,FALSE
"4505",4916,1,19589,FALSE
"4506",12625,1,19590,FALSE
"4507",31371,1,19591,FALSE
"4508",4453,1,19592,FALSE
"4509",23913,1,19593,FALSE
"4510",6679,1,19594,FALSE
"4511",4483,1,19595,FALSE
"4512",15082,1,19596,FALSE
"4513",5042,1,19597,FALSE
"4514",14008,1,19598,FALSE
"4515",58320,1,19599,FALSE
"4516",16135,1,19600,FALSE
"4517",5077,1,19601,FALSE
"4518",4239,1,19602,FALSE
"4519",12812,1,19603,FALSE
"4520",18209,1,19604,FALSE
"4521",5015,1,19605,FALSE
"4522",4850,1,19606,FALSE
"4523",18494,1,19607,FALSE
"4524",20051,1,19608,FALSE
"4525",10299,1,19609,FALSE
"4526",6013,1,19610,FALSE
"4527",16598,1,19611,FALSE
"4528",3598,1,19612,FALSE
"4529",5315,1,19613,FALSE
"4530",4279,1,19614,FALSE
"4531",7104,1,19615,FALSE
"4532",22967,1,19616,FALSE
"4533",143715,1,19617,FALSE
"4534",8308,1,19618,FALSE
"4535",8064,1,19619,FALSE
"4536",2761,1,19620,FALSE
"4537",16724,1,19621,FALSE
"4538",3363,1,19622,FALSE
"4539",8491,1,19623,FALSE
"4540",10477,1,19624,FALSE
"4541",6859,1,19625,FALSE
"4542",11999,1,19626,FALSE
"4543",9051,1,19627,FALSE
"4544",119473,1,19628,FALSE
"4545",13285,1,19629,FALSE
"4546",10202,1,19630,FALSE
"4547",8839,1,19631,FALSE
"4548",9153,1,19632,FALSE
"4549",9811,1,19633,FALSE
"4550",3949,1,19634,FALSE
"4551",4274,1,19635,FALSE
"4552",6076,1,19636,FALSE
"4553",4886,1,19637,FALSE
"4554",6246,1,19638,FALSE
"4555",9145,1,19639,FALSE
"4556",4456,1,19640,FALSE
"4557",9433,1,19641,FALSE
"4558",4949,1,19642,FALSE
"4559",6309,1,19643,FALSE
"4560",5634,1,19644,FALSE
"4561",3659,1,19645,FALSE
"4562",7256,1,19646,FALSE
"4563",21544,1,19647,FALSE
"4564",4094,1,19648,FALSE
"4565",6450,1,19649,FALSE
"4566",5017,1,19650,FALSE
"4567",5971,1,19651,FALSE
"4568",15323,1,19652,FALSE
"4569",3384,1,19653,FALSE
"4570",13806,1,19654,FALSE
"4571",6695,1,19655,FALSE
"4572",7639,1,19656,FALSE
"4573",7068,1,19657,FALSE
"4574",8250,1,19658,FALSE
"4575",6915,1,19659,FALSE
"4576",6121,1,19660,FALSE
"4577",6525,1,19661,FALSE
"4578",10914,1,19662,FALSE
"4579",5363,1,19663,FALSE
"4580",61672,1,19664,FALSE
"4581",7207,1,19665,FALSE
"4582",9109,1,19666,FALSE
"4583",11051,1,19667,FALSE
"4584",9173,1,19668,FALSE
"4585",27681,1,19669,FALSE
"4586",10944,1,19670,FALSE
"4587",5285,1,19671,FALSE
"4588",15638,1,19672,FALSE
"4589",21936,1,19673,FALSE
"4590",9787,1,19674,FALSE
"4591",15467,1,19675,FALSE
"4592",9818,1,19676,FALSE
"4593",9319,1,19677,FALSE
"4594",5027,1,19678,FALSE
"4595",7100,1,19679,FALSE
"4596",6855,1,19680,FALSE
"4597",5967,1,19681,FALSE
"4598",10370,1,19682,FALSE
"4599",16826,1,19683,FALSE
"4600",5021,1,19684,FALSE
"4601",16383,1,19685,FALSE
"4602",14934,1,19686,FALSE
"4603",3248,1,19687,FALSE
"4604",4584,1,19688,FALSE
"4605",14681,1,19689,FALSE
"4606",4334,1,19690,FALSE
"4607",169910,1,19691,FALSE
"4608",4402,1,19692,FALSE
"4609",10278,1,19693,FALSE
"4610",5684,1,19694,FALSE
"4611",39722,1,19695,FALSE
"4612",8339,1,19696,FALSE
"4613",3615,1,19697,FALSE
"4614",6215,1,19698,FALSE
"4615",6383,1,19699,FALSE
"4616",8058,1,19700,FALSE
"4617",6206,1,19701,FALSE
"4618",8682,1,19702,FALSE
"4619",26788,1,19703,FALSE
"4620",5181,1,19704,FALSE
"4621",9181,1,19705,FALSE
"4622",7394,1,19706,FALSE
"4623",9339,1,19707,FALSE
"4624",5601,1,19708,FALSE
"4625",8411,1,19709,FALSE
"4626",259147,1,19710,FALSE
"4627",10316,1,19711,FALSE
"4628",38633,1,19712,FALSE
"4629",7477,1,19713,FALSE
"4630",7960,1,19714,FALSE
"4631",22716,1,19715,FALSE
"4632",7748,1,19716,FALSE
"4633",9536,1,19717,FALSE
"4634",42830,1,19718,FALSE
"4635",5569,1,19719,FALSE
"4636",62391,1,19720,FALSE
"4637",5673,1,19721,FALSE
"4638",3391,1,19722,FALSE
"4639",3405,1,19723,FALSE
"4640",14321,1,19724,FALSE
"4641",7630,1,19725,FALSE
"4642",5704,1,19726,FALSE
"4643",6169,1,19727,FALSE
"4644",2665,1,19728,FALSE
"4645",6574,1,19729,FALSE
"4646",11105,1,19730,FALSE
"4647",6235,1,19731,FALSE
"4648",2981,1,19732,FALSE
"4649",13835,1,19733,FALSE
"4650",9953,1,19734,FALSE
"4651",5657,1,19735,FALSE
"4652",6028,1,19736,FALSE
"4653",5575,1,19737,FALSE
"4654",19434,1,19738,FALSE
"4655",10887,1,19739,FALSE
"4656",3841,1,19740,FALSE
"4657",5356,1,19741,FALSE
"4658",9553,1,19742,FALSE
"4659",8110,1,19743,FALSE
"4660",3089,1,19744,FALSE
"4661",11772,1,19745,FALSE
"4662",9402,1,19746,FALSE
"4663",7344,1,19747,FALSE
"4664",11229,1,19748,FALSE
"4665",6256,1,19749,FALSE
"4666",5467,1,19750,FALSE
"4667",4556,1,19751,FALSE
"4668",13763,1,19752,FALSE
"4669",3619,1,19753,FALSE
"4670",9256,1,19754,FALSE
"4671",12870,1,19755,FALSE
"4672",4717,1,19756,FALSE
"4673",6766,1,19757,FALSE
"4674",12419,1,19758,FALSE
"4675",9962,1,19759,FALSE
"4676",5717,1,19760,FALSE
"4677",5375,1,19761,FALSE
"4678",4876,1,19762,FALSE
"4679",13874,1,19763,FALSE
"4680",8783,1,19764,FALSE
"4681",14269,1,19765,FALSE
"4682",7201,1,19766,FALSE
"4683",25414,1,19767,FALSE
"4684",12758,1,19768,FALSE
"4685",58070,1,19769,FALSE
"4686",6298,1,19770,FALSE
"4687",11868,1,19771,FALSE
"4688",3660,1,19772,FALSE
"4689",27851,1,19773,FALSE
"4690",87098,1,19774,FALSE
"4691",18151,1,19775,FALSE
"4692",4914,1,19776,FALSE
"4693",6165,1,19777,FALSE
"4694",8094,1,19778,FALSE
"4695",23290,1,19779,FALSE
"4696",9432,1,19780,FALSE
"4697",6073,1,19781,FALSE
"4698",16226,1,19782,FALSE
"4699",10388,1,19783,FALSE
"4700",14454,1,19784,FALSE
"4701",12186,1,19785,FALSE
"4702",9797,1,19786,FALSE
"4703",6600,1,19787,FALSE
"4704",11335,1,19788,FALSE
"4705",5682,1,19789,FALSE
"4706",11871,1,19790,FALSE
"4707",3008,1,19791,FALSE
"4708",7753,1,19792,FALSE
"4709",9490,1,19793,FALSE
"4710",6128,1,19794,FALSE
"4711",26134,1,19795,FALSE
"4712",31558,1,19796,FALSE
"4713",10052,1,19797,FALSE
"4714",4045,1,19798,FALSE
"4715",5888,1,19799,FALSE
"4716",4312,1,19800,FALSE
"4717",4288,1,19801,FALSE
"4718",11081,1,19802,FALSE
"4719",11066,1,19803,FALSE
"4720",15740,1,19804,FALSE
"4721",5776,1,19805,FALSE
"4722",5048,1,19806,FALSE
"4723",8573,1,19807,FALSE
"4724",6043,1,19808,FALSE
"4725",52443,1,19809,FALSE
"4726",11587,1,19810,FALSE
"4727",9306,1,19811,FALSE
"4728",4492,1,19812,FALSE
"4729",2749,1,19813,FALSE
"4730",25872,1,19814,FALSE
"4731",9273,1,19815,FALSE
"4732",2885,1,19816,FALSE
"4733",13576,1,19817,FALSE
"4734",3710,1,19818,FALSE
"4735",27958,1,19819,FALSE
"4736",73975,1,19820,FALSE
"4737",4788,1,19821,FALSE
"4738",4373,1,19822,FALSE
"4739",7086,1,19823,FALSE
"4740",4682,1,19824,FALSE
"4741",5565,1,19825,FALSE
"4742",3806,1,19826,FALSE
"4743",12653,1,19827,FALSE
"4744",6055,1,19828,FALSE
"4745",9066,1,19829,FALSE
"4746",3264,1,19830,FALSE
"4747",3903,1,19831,FALSE
"4748",10620,1,19832,FALSE
"4749",3100,1,19833,FALSE
"4750",5828,1,19834,FALSE
"4751",16657,1,19835,FALSE
"4752",9677,1,19836,FALSE
"4753",5906,1,19837,FALSE
"4754",11220,1,19838,FALSE
"4755",16163,1,19839,FALSE
"4756",9970,1,19840,FALSE
"4757",7706,1,19841,FALSE
"4758",4136,1,19842,FALSE
"4759",35912,1,19843,FALSE
"4760",3277,1,19844,FALSE
"4761",37570,1,19845,FALSE
"4762",14833,1,19846,FALSE
"4763",20432,1,19847,FALSE
"4764",5438,1,19848,FALSE
"4765",3707,1,19849,FALSE
"4766",6034,1,19850,FALSE
"4767",19246,1,19851,FALSE
"4768",5458,1,19852,FALSE
"4769",8873,1,19853,FALSE
"4770",18256,1,19854,FALSE
"4771",13930,1,19855,FALSE
"4772",13215,1,19856,FALSE
"4773",8036,1,19857,FALSE
"4774",16742,1,19858,FALSE
"4775",3911,1,19859,FALSE
"4776",5758,1,19860,FALSE
"4777",10229,1,19861,FALSE
"4778",46958,1,19862,FALSE
"4779",3251,1,19863,FALSE
"4780",6160,1,19864,FALSE
"4781",8725,1,19865,FALSE
"4782",3425,1,19866,FALSE
"4783",57783,1,19867,FALSE
"4784",3465,1,19868,FALSE
"4785",4315,1,19869,FALSE
"4786",9772,1,19870,FALSE
"4787",8041,1,19871,FALSE
"4788",120108,1,19872,FALSE
"4789",6571,1,19873,FALSE
"4790",6483,1,19874,FALSE
"4791",8127,1,19875,FALSE
"4792",6241,1,19876,FALSE
"4793",4943,1,19877,FALSE
"4794",2832,1,19878,FALSE
"4795",4139,1,19879,FALSE
"4796",4293,1,19880,FALSE
"4797",4785,1,19881,FALSE
"4798",14186,1,19882,FALSE
"4799",5210,1,19883,FALSE
"4800",6811,1,19884,FALSE
"4801",13096,1,19885,FALSE
"4802",15856,1,19886,FALSE
"4803",6981,1,19887,FALSE
"4804",10428,1,19888,FALSE
"4805",6980,1,19889,FALSE
"4806",11232,1,19890,FALSE
"4807",9621,1,19891,FALSE
"4808",3462,1,19892,FALSE
"4809",9685,1,19893,FALSE
"4810",7655,1,19894,FALSE
"4811",4947,1,19895,FALSE
"4812",3914,1,19896,FALSE
"4813",16664,1,19897,FALSE
"4814",15177,1,19898,FALSE
"4815",8987,1,19899,FALSE
"4816",5868,1,19900,FALSE
"4817",40001,1,19901,FALSE
"4818",6266,1,19902,FALSE
"4819",4839,1,19903,FALSE
"4820",9431,1,19904,FALSE
"4821",46240,1,19905,FALSE
"4822",7191,1,19906,FALSE
"4823",6760,1,19907,FALSE
"4824",2526,1,19908,FALSE
"4825",28310,1,19909,FALSE
"4826",11775,1,19910,FALSE
"4827",4374,1,19911,FALSE
"4828",38220,1,19912,FALSE
"4829",52994,1,19913,FALSE
"4830",13378,1,19914,FALSE
"4831",10626,1,19915,FALSE
"4832",6261,1,19916,FALSE
"4833",16931,1,19917,FALSE
"4834",18417,1,19918,FALSE
"4835",8864,1,19919,FALSE
"4836",21289,1,19920,FALSE
"4837",4364,1,19921,FALSE
"4838",27191,1,19922,FALSE
"4839",4763,1,19923,FALSE
"4840",18651,1,19924,FALSE
"4841",7058,1,19925,FALSE
"4842",3854,1,19926,FALSE
"4843",37719,1,19927,FALSE
"4844",4236,1,19928,FALSE
"4845",8742,1,19929,FALSE
"4846",2012,1,19930,FALSE
"4847",5650,1,19931,FALSE
"4848",35624,1,19932,FALSE
"4849",3003,1,19933,FALSE
"4850",4368,1,19934,FALSE
"4851",5659,1,19935,FALSE
"4852",6517,1,19936,FALSE
"4853",6715,1,19937,FALSE
"4854",8545,1,19938,FALSE
"4855",4889,1,19939,FALSE
"4856",4660,1,19940,FALSE
"4857",18153,1,19941,FALSE
"4858",4555,1,19942,FALSE
"4859",5043,1,19943,FALSE
"4860",8188,1,19944,FALSE
"4861",2421,1,19945,FALSE
"4862",6812,1,19946,FALSE
"4863",16975,1,19947,FALSE
"4864",5552,1,19948,FALSE
"4865",8482,1,19949,FALSE
"4866",4185,1,19950,FALSE
"4867",3600,1,19951,FALSE
"4868",7529,1,19952,FALSE
"4869",34172,1,19953,FALSE
"4870",4069,1,19954,FALSE
"4871",8472,1,19955,FALSE
"4872",4100,1,19956,FALSE
"4873",17614,1,19957,FALSE
"4874",4062,1,19958,FALSE
"4875",6366,1,19959,FALSE
"4876",5094,1,19960,FALSE
"4877",18556,1,19961,FALSE
"4878",4726,1,19962,FALSE
"4879",6335,1,19963,FALSE
"4880",8912,1,19964,FALSE
"4881",8994,1,19965,FALSE
"4882",4171,1,19966,FALSE
"4883",4090,1,19967,FALSE
"4884",5599,1,19968,FALSE
"4885",4061,1,19969,FALSE
"4886",5886,1,19970,FALSE
"4887",18138,1,19971,FALSE
"4888",5920,1,19972,FALSE
"4889",20430,1,19973,FALSE
"4890",4235,1,19974,FALSE
"4891",6084,1,19975,FALSE
"4892",2535,1,19976,FALSE
"4893",7270,1,19977,FALSE
"4894",8334,1,19978,FALSE
"4895",7485,1,19979,FALSE
"4896",9410,1,19980,FALSE
"4897",3287,1,19981,FALSE
"4898",5500,1,19982,FALSE
"4899",4612,1,19983,FALSE
"4900",13510,1,19984,FALSE
"4901",4674,1,19985,FALSE
"4902",12345,1,19986,FALSE
"4903",8832,1,19987,FALSE
"4904",11182,1,19988,FALSE
"4905",22429,1,19989,FALSE
"4906",6161,1,19990,FALSE
"4907",21109,1,19991,FALSE
"4908",20808,1,19992,FALSE
"4909",13332,1,19993,FALSE
"4910",3359,1,19994,FALSE
"4911",3193,1,19995,FALSE
"4912",4287,1,19996,FALSE
"4913",2217,1,19997,FALSE
"4914",95778,1,19998,FALSE
"4915",27866,1,19999,FALSE
"4916",30980,1,20000,FALSE
"4917",6143,1,20001,FALSE
"4918",12890,1,20002,FALSE
"4919",23391,1,20003,FALSE
"4920",16342,1,20004,FALSE
"4921",3240,1,20005,FALSE
"4922",80734,1,20006,FALSE
"4923",26986,1,20007,FALSE
"4924",8562,1,20008,FALSE
"4925",17141,1,20009,FALSE
"4926",7406,1,20010,FALSE
"4927",7317,1,20011,FALSE
"4928",9354,1,20012,FALSE
"4929",7215,1,20013,FALSE
"4930",7101,1,20014,FALSE
"4931",18842,1,20015,FALSE
"4932",4903,1,20016,FALSE
"4933",14229,1,20017,FALSE
"4934",8534,1,20018,FALSE
"4935",3075,1,20019,FALSE
"4936",12781,1,20020,FALSE
"4937",32113,1,20021,FALSE
"4938",3922,1,20022,FALSE
"4939",13714,1,20023,FALSE
"4940",12946,1,20024,FALSE
"4941",16582,1,20025,FALSE
"4942",6243,1,20026,FALSE
"4943",7222,1,20027,FALSE
"4944",6434,1,20028,FALSE
"4945",9380,1,20029,FALSE
"4946",7013,1,20030,FALSE
"4947",5136,1,20031,FALSE
"4948",19370,1,20032,FALSE
"4949",9321,1,20033,FALSE
"4950",5680,1,20034,FALSE
"4951",7304,1,20035,FALSE
"4952",11238,1,20036,FALSE
"4953",15102,1,20037,FALSE
"4954",33534,1,20038,FALSE
"4955",3219,1,20039,FALSE
"4956",18102,1,20040,FALSE
"4957",3364,1,20041,FALSE
"4958",60802,1,20042,FALSE
"4959",7081,1,20043,FALSE
"4960",8863,1,20044,FALSE
"4961",5216,1,20045,FALSE
"4962",8963,1,20046,FALSE
"4963",1791,1,20047,FALSE
"4964",13476,1,20048,FALSE
"4965",12074,1,20049,FALSE
"4966",3937,1,20050,FALSE
"4967",12702,1,20051,FALSE
"4968",24912,1,20052,FALSE
"4969",5056,1,20053,FALSE
"4970",11245,1,20054,FALSE
"4971",5249,1,20055,FALSE
"4972",10964,1,20056,FALSE
"4973",7577,1,20057,FALSE
"4974",42874,1,20058,FALSE
"4975",7174,1,20059,FALSE
"4976",31116,1,20060,FALSE
"4977",7376,1,20061,FALSE
"4978",10750,1,20062,FALSE
"4979",5470,1,20063,FALSE
"4980",9739,1,20064,FALSE
"4981",6047,1,20065,FALSE
"4982",12581,1,20066,FALSE
"4983",5909,1,20067,FALSE
"4984",5408,1,20068,FALSE
"4985",6268,1,20069,FALSE
"4986",30157,1,20070,FALSE
"4987",4809,1,20071,FALSE
"4988",16248,1,20072,FALSE
"4989",11994,1,20073,FALSE
"4990",5760,1,20074,FALSE
"4991",7274,1,20075,FALSE
"4992",5764,1,20076,FALSE
"4993",41750,1,20077,FALSE
"4994",2033,1,20078,FALSE
"4995",5606,1,20079,FALSE
"4996",9958,1,20080,FALSE
"4997",6250,1,20081,FALSE
"4998",7507,1,20082,FALSE
"4999",13977,1,20083,FALSE
"5000",27200,1,20084,FALSE
"5001",6349,1,20085,FALSE
"5002",3971,1,20086,FALSE
"5003",9540,1,20087,FALSE
"5004",12142,1,20088,FALSE
"5005",6632,1,20089,FALSE
"5006",7638,1,20090,FALSE
"5007",4648,1,20091,FALSE
"5008",6455,1,20092,FALSE
"5009",9527,1,20093,FALSE
"5010",9927,1,20094,FALSE
"5011",3642,1,20095,FALSE
"5012",14509,1,20096,FALSE
"5013",2766,1,20097,FALSE
"5014",4639,1,20098,FALSE
"5015",10831,1,20099,FALSE
"5016",77209,1,20100,FALSE
"5017",6692,1,20101,FALSE
"5018",4776,1,20102,FALSE
"5019",6433,1,20103,FALSE
"5020",6010,1,20104,FALSE
"5021",5111,1,20105,FALSE
"5022",4971,1,20106,FALSE
"5023",9547,1,20107,FALSE
"5024",16662,1,20108,FALSE
"5025",4524,1,20109,FALSE
"5026",3881,1,20110,FALSE
"5027",9551,1,20111,FALSE
"5028",8475,1,20112,FALSE
"5029",3516,1,20113,FALSE
"5030",4957,1,20114,FALSE
"5031",9209,1,20115,FALSE
"5032",4078,1,20116,FALSE
"5033",14284,1,20117,FALSE
"5034",10315,1,20118,FALSE
"5035",5615,1,20119,FALSE
"5036",18376,1,20120,FALSE
"5037",8327,1,20121,FALSE
"5038",5584,1,20122,FALSE
"5039",15387,1,20123,FALSE
"5040",4671,1,20124,FALSE
"5041",45431,1,20125,FALSE
"5042",5293,1,20126,FALSE
"5043",11345,1,20127,FALSE
"5044",6078,1,20128,FALSE
"5045",6369,1,20129,FALSE
"5046",11502,1,20130,FALSE
"5047",2930,1,20131,FALSE
"5048",9562,1,20132,FALSE
"5049",4071,1,20133,FALSE
"5050",6023,1,20134,FALSE
"5051",4827,1,20135,FALSE
"5052",4797,1,20136,FALSE
"5053",12738,1,20137,FALSE
"5054",5827,1,20138,FALSE
"5055",9443,1,20139,FALSE
"5056",6428,1,20140,FALSE
"5057",7694,1,20141,FALSE
"5058",7825,1,20142,FALSE
"5059",5295,1,20143,FALSE
"5060",5221,1,20144,FALSE
"5061",3595,1,20145,FALSE
"5062",5016,1,20146,FALSE
"5063",7443,1,20147,FALSE
"5064",21631,1,20148,FALSE
"5065",10296,1,20149,FALSE
"5066",5610,1,20150,FALSE
"5067",3834,1,20151,FALSE
"5068",12998,1,20152,FALSE
"5069",6658,1,20153,FALSE
"5070",20855,1,20154,FALSE
"5071",17426,1,20155,FALSE
"5072",6751,1,20156,FALSE
"5073",4186,1,20157,FALSE
"5074",5108,1,20158,FALSE
"5075",5464,1,20159,FALSE
"5076",12121,1,20160,FALSE
"5077",5453,1,20161,FALSE
"5078",11553,1,20162,FALSE
"5079",5420,1,20163,FALSE
"5080",5874,1,20164,FALSE
"5081",6681,1,20165,FALSE
"5082",24983,1,20166,FALSE
"5083",3535,1,20167,FALSE
"5084",16194,1,20168,FALSE
"5085",7893,1,20169,FALSE
"5086",4568,1,20170,FALSE
"5087",4075,1,20171,FALSE
"5088",8114,1,20172,FALSE
"5089",7318,1,20173,FALSE
"5090",3979,1,20174,FALSE
"5091",3694,1,20175,FALSE
"5092",5526,1,20176,FALSE
"5093",21179,1,20177,FALSE
"5094",11083,1,20178,FALSE
"5095",3392,1,20179,FALSE
"5096",7354,1,20180,FALSE
"5097",19055,1,20181,FALSE
"5098",3383,1,20182,FALSE
"5099",4021,1,20183,FALSE
"5100",7336,1,20184,FALSE
"5101",6384,1,20185,FALSE
"5102",10905,1,20186,FALSE
"5103",11186,1,20187,FALSE
"5104",30809,1,20188,FALSE
"5105",4585,1,20189,FALSE
"5106",6934,1,20190,FALSE
"5107",3533,1,20191,FALSE
"5108",10011,1,20192,FALSE
"5109",4095,1,20193,FALSE
"5110",15966,1,20194,FALSE
"5111",7117,1,20195,FALSE
"5112",8928,1,20196,FALSE
"5113",6069,1,20197,FALSE
"5114",6535,1,20198,FALSE
"5115",4194,1,20199,FALSE
"5116",7969,1,20200,FALSE
"5117",4755,1,20201,FALSE
"5118",8583,1,20202,FALSE
"5119",5574,1,20203,FALSE
"5120",4549,1,20204,FALSE
"5121",5948,1,20205,FALSE
"5122",9879,1,20206,FALSE
"5123",5933,1,20207,FALSE
"5124",53943,1,20208,FALSE
"5125",4022,1,20209,FALSE
"5126",10998,1,20210,FALSE
"5127",3985,1,20211,FALSE
"5128",9906,1,20212,FALSE
"5129",3624,1,20213,FALSE
"5130",11810,1,20214,FALSE
"5131",9274,1,20215,FALSE
"5132",7700,1,20216,FALSE
"5133",5036,1,20217,FALSE
"5134",9555,1,20218,FALSE
"5135",7188,1,20219,FALSE
"5136",13375,1,20220,FALSE
"5137",7543,1,20221,FALSE
"5138",11295,1,20222,FALSE
"5139",12147,1,20223,FALSE
"5140",14854,1,20224,FALSE
"5141",10508,1,20225,FALSE
"5142",4578,1,20226,FALSE
"5143",16479,1,20227,FALSE
"5144",6118,1,20228,FALSE
"5145",6549,1,20229,FALSE
"5146",13843,1,20230,FALSE
"5147",10778,1,20231,FALSE
"5148",4621,1,20232,FALSE
"5149",38267,1,20233,FALSE
"5150",6470,1,20234,FALSE
"5151",3864,1,20235,FALSE
"5152",19017,1,20236,FALSE
"5153",10715,1,20237,FALSE
"5154",10175,1,20238,FALSE
"5155",19444,1,20239,FALSE
"5156",48339,1,20240,FALSE
"5157",9282,1,20241,FALSE
"5158",8156,1,20242,FALSE
"5159",21113,1,20243,FALSE
"5160",3084,1,20244,FALSE
"5161",5842,1,20245,FALSE
"5162",3582,1,20246,FALSE
"5163",8639,1,20247,FALSE
"5164",25943,1,20248,FALSE
"5165",8542,1,20249,FALSE
"5166",2925,1,20250,FALSE
"5167",9762,1,20251,FALSE
"5168",3927,1,20252,FALSE
"5169",8973,1,20253,FALSE
"5170",17571,1,20254,FALSE
"5171",9001,1,20255,FALSE
"5172",5959,1,20256,FALSE
"5173",10771,1,20257,FALSE
"5174",10043,1,20258,FALSE
"5175",3972,1,20259,FALSE
"5176",16798,1,20260,FALSE
"5177",4866,1,20261,FALSE
"5178",12851,1,20262,FALSE
"5179",6693,1,20263,FALSE
"5180",8442,1,20264,FALSE
"5181",8814,1,20265,FALSE
"5182",18469,1,20266,FALSE
"5183",17158,1,20267,FALSE
"5184",11118,1,20268,FALSE
"5185",7108,1,20269,FALSE
"5186",5687,1,20270,FALSE
"5187",10569,1,20271,FALSE
"5188",14935,1,20272,FALSE
"5189",4629,1,20273,FALSE
"5190",3831,1,20274,FALSE
"5191",4310,1,20275,FALSE
"5192",8934,1,20276,FALSE
"5193",11737,1,20277,FALSE
"5194",7810,1,20278,FALSE
"5195",7620,1,20279,FALSE
"5196",9175,1,20280,FALSE
"5197",5905,1,20281,FALSE
"5198",4395,1,20282,FALSE
"5199",2808,1,20283,FALSE
"5200",6691,1,20284,FALSE
"5201",20113,1,20285,FALSE
"5202",11667,1,20286,FALSE
"5203",11177,1,20287,FALSE
"5204",6563,1,20288,FALSE
"5205",2515,1,20289,FALSE
"5206",14192,1,20290,FALSE
"5207",6904,1,20291,FALSE
"5208",2585,1,20292,FALSE
"5209",3751,1,20293,FALSE
"5210",9638,1,20294,FALSE
"5211",74077,1,20295,FALSE
"5212",19228,1,20296,FALSE
"5213",5434,1,20297,FALSE
"5214",11252,1,20298,FALSE
"5215",3196,1,20299,FALSE
"5216",3154,1,20300,FALSE
"5217",13897,1,20301,FALSE
"5218",5884,1,20302,FALSE
"5219",6680,1,20303,FALSE
"5220",6248,1,20304,FALSE
"5221",14901,1,20305,FALSE
"5222",12723,1,20306,FALSE
"5223",4724,1,20307,FALSE
"5224",5371,1,20308,FALSE
"5225",10096,1,20309,FALSE
"5226",4461,1,20310,FALSE
"5227",5484,1,20311,FALSE
"5228",6739,1,20312,FALSE
"5229",5609,1,20313,FALSE
"5230",16778,1,20314,FALSE
"5231",78531,1,20315,FALSE
"5232",10893,1,20316,FALSE
"5233",17917,1,20317,FALSE
"5234",16433,1,20318,FALSE
"5235",9998,1,20319,FALSE
"5236",4027,1,20320,FALSE
"5237",7669,1,20321,FALSE
"5238",6888,1,20322,FALSE
"5239",2922,1,20323,FALSE
"5240",5628,1,20324,FALSE
"5241",20966,1,20325,FALSE
"5242",5358,1,20326,FALSE
"5243",5299,1,20327,FALSE
"5244",7836,1,20328,FALSE
"5245",8263,1,20329,FALSE
"5246",12379,1,20330,FALSE
"5247",9969,1,20331,FALSE
"5248",3086,1,20332,FALSE
"5249",194634,1,20333,FALSE
"5250",11401,1,20334,FALSE
"5251",6598,1,20335,FALSE
"5252",5731,1,20336,FALSE
"5253",4486,1,20337,FALSE
"5254",3236,1,20338,FALSE
"5255",6437,1,20339,FALSE
"5256",4733,1,20340,FALSE
"5257",6245,1,20341,FALSE
"5258",8251,1,20342,FALSE
"5259",91609,1,20343,FALSE
"5260",3045,1,20344,FALSE
"5261",7833,1,20345,FALSE
"5262",3951,1,20346,FALSE
"5263",5354,1,20347,FALSE
"5264",13457,1,20348,FALSE
"5265",7976,1,20349,FALSE
"5266",4297,1,20350,FALSE
"5267",4604,1,20351,FALSE
"5268",2817,1,20352,FALSE
"5269",5743,1,20353,FALSE
"5270",5819,1,20354,FALSE
"5271",40587,1,20355,FALSE
"5272",9921,1,20356,FALSE
"5273",22729,1,20357,FALSE
"5274",4462,1,20358,FALSE
"5275",12365,1,20359,FALSE
"5276",2718,1,20360,FALSE
"5277",10320,1,20361,FALSE
"5278",5368,1,20362,FALSE
"5279",3625,1,20363,FALSE
"5280",19720,1,20364,FALSE
"5281",133946,1,20365,FALSE
"5282",9293,1,20366,FALSE
"5283",4441,1,20367,FALSE
"5284",87197,1,20368,FALSE
"5285",31783,1,20369,FALSE
"5286",13456,1,20370,FALSE
"5287",16836,1,20371,FALSE
"5288",3950,1,20372,FALSE
"5289",6024,1,20373,FALSE
"5290",83153,1,20374,FALSE
"5291",11588,1,20375,FALSE
"5292",10712,1,20376,FALSE
"5293",9932,1,20377,FALSE
"5294",6593,1,20378,FALSE
"5295",9439,1,20379,FALSE
"5296",8759,1,20380,FALSE
"5297",3921,1,20381,FALSE
"5298",16026,1,20382,FALSE
"5299",20320,1,20383,FALSE
"5300",52168,1,20384,FALSE
"5301",5072,1,20385,FALSE
"5302",7808,1,20386,FALSE
"5303",12780,1,20387,FALSE
"5304",9341,1,20388,FALSE
"5305",14176,1,20389,FALSE
"5306",8502,1,20390,FALSE
"5307",2540,1,20391,FALSE
"5308",5137,1,20392,FALSE
"5309",4624,1,20393,FALSE
"5310",4313,1,20394,FALSE
"5311",44514,1,20395,FALSE
"5312",7504,1,20396,FALSE
"5313",5278,1,20397,FALSE
"5314",5969,1,20398,FALSE
"5315",8848,1,20399,FALSE
"5316",4714,1,20400,FALSE
"5317",15220,1,20401,FALSE
"5318",5510,1,20402,FALSE
"5319",5218,1,20403,FALSE
"5320",5744,1,20404,FALSE
"5321",6971,1,20405,FALSE
"5322",16779,1,20406,FALSE
"5323",4107,1,20407,FALSE
"5324",5952,1,20408,FALSE
"5325",4057,1,20409,FALSE
"5326",3777,1,20410,FALSE
"5327",12002,1,20411,FALSE
"5328",10828,1,20412,FALSE
"5329",4647,1,20413,FALSE
"5330",4289,1,20414,FALSE
"5331",5897,1,20415,FALSE
"5332",26830,1,20416,FALSE
"5333",9612,1,20417,FALSE
"5334",3616,1,20418,FALSE
"5335",12252,1,20419,FALSE
"5336",32547,1,20420,FALSE
"5337",4664,1,20421,FALSE
"5338",3999,1,20422,FALSE
"5339",4468,1,20423,FALSE
"5340",18218,1,20424,FALSE
"5341",13682,1,20425,FALSE
"5342",3017,1,20426,FALSE
"5343",3476,1,20427,FALSE
"5344",3572,1,20428,FALSE
"5345",25276,1,20429,FALSE
"5346",3868,1,20430,FALSE
"5347",19426,1,20431,FALSE
"5348",4189,1,20432,FALSE
"5349",7847,1,20433,FALSE
"5350",3379,1,20434,FALSE
"5351",4871,1,20435,FALSE
"5352",15211,1,20436,FALSE
"5353",7298,1,20437,FALSE
"5354",6265,1,20438,FALSE
"5355",4121,1,20439,FALSE
"5356",19536,1,20440,FALSE
"5357",5086,1,20441,FALSE
"5358",5832,1,20442,FALSE
"5359",5018,1,20443,FALSE
"5360",10591,1,20444,FALSE
"5361",28219,1,20445,FALSE
"5362",10121,1,20446,FALSE
"5363",11782,1,20447,FALSE
"5364",25858,1,20448,FALSE
"5365",1422,1,20449,FALSE
"5366",8100,1,20450,FALSE
"5367",6435,1,20451,FALSE
"5368",2745,1,20452,FALSE
"5369",6079,1,20453,FALSE
"5370",13202,1,20454,FALSE
"5371",8890,1,20455,FALSE
"5372",9158,1,20456,FALSE
"5373",6345,1,20457,FALSE
"5374",53216,1,20458,FALSE
"5375",4195,1,20459,FALSE
"5376",4187,1,20460,FALSE
"5377",4442,1,20461,FALSE
"5378",6105,1,20462,FALSE
"5379",9918,1,20463,FALSE
"5380",3448,1,20464,FALSE
"5381",7397,1,20465,FALSE
"5382",2986,1,20466,FALSE
"5383",9149,1,20467,FALSE
"5384",36718,1,20468,FALSE
"5385",1988088,1,20469,FALSE
"5386",3513,1,20470,FALSE
"5387",10291,1,20471,FALSE
"5388",6039,1,20472,FALSE
"5389",6862,1,20473,FALSE
"5390",8270,1,20474,FALSE
"5391",4481,1,20475,FALSE
"5392",11348,1,20476,FALSE
"5393",8820,1,20477,FALSE
"5394",4896,1,20478,FALSE
"5395",2225,1,20479,FALSE
"5396",12412,1,20480,FALSE
"5397",5138,1,20481,FALSE
"5398",4543,1,20482,FALSE
"5399",15523,1,20483,FALSE
"5400",5193,1,20484,FALSE
"5401",5936,1,20485,FALSE
"5402",9148,1,20486,FALSE
"5403",4023,1,20487,FALSE
"5404",153611,1,20488,FALSE
"5405",3886,1,20489,FALSE
"5406",11770,1,20490,FALSE
"5407",3740,1,20491,FALSE
"5408",4499,1,20492,FALSE
"5409",7947,1,20493,FALSE
"5410",6927,1,20494,FALSE
"5411",3904,1,20495,FALSE
"5412",5240,1,20496,FALSE
"5413",5346,1,20497,FALSE
"5414",24295,1,20498,FALSE
"5415",8409,1,20499,FALSE
"5416",13553,1,20500,FALSE
"5417",6365,1,20501,FALSE
"5418",4506,1,20502,FALSE
"5419",10515,1,20503,FALSE
"5420",12692,1,20504,FALSE
"5421",8544,1,20505,FALSE
"5422",4553,1,20506,FALSE
"5423",3550,1,20507,FALSE
"5424",4309,1,20508,FALSE
"5425",9611,1,20509,FALSE
"5426",6171,1,20510,FALSE
"5427",12437,1,20511,FALSE
"5428",3352,1,20512,FALSE
"5429",3709,1,20513,FALSE
"5430",3699,1,20514,FALSE
"5431",2799,1,20515,FALSE
"5432",3152,1,20516,FALSE
"5433",3913,1,20517,FALSE
"5434",18559,1,20518,FALSE
"5435",6290,1,20519,FALSE
"5436",93472,1,20520,FALSE
"5437",5185,1,20521,FALSE
"5438",3220,1,20522,FALSE
"5439",4904,1,20523,FALSE
"5440",10720,1,20524,FALSE
"5441",9753,1,20525,FALSE
"5442",7221,1,20526,FALSE
"5443",12302,1,20527,FALSE
"5444",3495,1,20528,FALSE
"5445",66475,1,20529,FALSE
"5446",3109,1,20530,FALSE
"5447",5908,1,20531,FALSE
"5448",5520,1,20532,FALSE
"5449",13063,1,20533,FALSE
"5450",5725,1,20534,FALSE
"5451",2783,1,20535,FALSE
"5452",11883,1,20536,FALSE
"5453",8600,1,20537,FALSE
"5454",3651,1,20538,FALSE
"5455",48734,1,20539,FALSE
"5456",3954,1,20540,FALSE
"5457",3511,1,20541,FALSE
"5458",11172,1,20542,FALSE
"5459",4123,1,20543,FALSE
"5460",8007,1,20544,FALSE
"5461",5930,1,20545,FALSE
"5462",15834,1,20546,FALSE
"5463",69651,1,20547,FALSE
"5464",2914,1,20548,FALSE
"5465",4034,1,20549,FALSE
"5466",5119,1,20550,FALSE
"5467",7900,1,20551,FALSE
"5468",4016,1,20552,FALSE
"5469",3368,1,20553,FALSE
"5470",25844,1,20554,FALSE
"5471",8756,1,20555,FALSE
"5472",15300,1,20556,FALSE
"5473",9122,1,20557,FALSE
"5474",8609,1,20558,FALSE
"5475",9078,1,20559,FALSE
"5476",9589,1,20560,FALSE
"5477",42712,1,20561,FALSE
"5478",4099,1,20562,FALSE
"5479",8560,1,20563,FALSE
"5480",13105,1,20564,FALSE
"5481",12555,1,20565,FALSE
"5482",30909,1,20566,FALSE
"5483",5112,1,20567,FALSE
"5484",5059,1,20568,FALSE
"5485",8130,1,20569,FALSE
"5486",4073,1,20570,FALSE
"5487",16139,1,20571,FALSE
"5488",4756,1,20572,FALSE
"5489",9290,1,20573,FALSE
"5490",12568,1,20574,FALSE
"5491",7095,1,20575,FALSE
"5492",4996,1,20576,FALSE
"5493",5047,1,20577,FALSE
"5494",8201,1,20578,FALSE
"5495",9112,1,20579,FALSE
"5496",4282,1,20580,FALSE
"5497",5069,1,20581,FALSE
"5498",3467,1,20582,FALSE
"5499",5621,1,20583,FALSE
"5500",11112,1,20584,FALSE
"5501",3838,1,20585,FALSE
"5502",9926,1,20586,FALSE
"5503",3422,1,20587,FALSE
"5504",5727,1,20588,FALSE
"5505",4826,1,20589,FALSE
"5506",35413,1,20590,FALSE
"5507",8977,1,20591,FALSE
"5508",11241,1,20592,FALSE
"5509",8213,1,20593,FALSE
"5510",4197,1,20594,FALSE
"5511",4115,1,20595,FALSE
"5512",5521,1,20596,FALSE
"5513",5855,1,20597,FALSE
"5514",10598,1,20598,FALSE
"5515",6405,1,20599,FALSE
"5516",12122,1,20600,FALSE
"5517",19203,1,20601,FALSE
"5518",11470,1,20602,FALSE
"5519",3675,1,20603,FALSE
"5520",44053,1,20604,FALSE
"5521",3563,1,20605,FALSE
"5522",12176,1,20606,FALSE
"5523",4941,1,20607,FALSE
"5524",2942,1,20608,FALSE
"5525",49374,1,20609,FALSE
"5526",10101,1,20610,FALSE
"5527",14028,1,20611,FALSE
"5528",5711,1,20612,FALSE
"5529",7544,1,20613,FALSE
"5530",8874,1,20614,FALSE
"5531",4642,1,20615,FALSE
"5532",10605,1,20616,FALSE
"5533",16507,1,20617,FALSE
"5534",4746,1,20618,FALSE
"5535",73545,1,20619,FALSE
"5536",3575,1,20620,FALSE
"5537",30789,1,20621,FALSE
"5538",7335,1,20622,FALSE
"5539",32456,1,20623,FALSE
"5540",4975,1,20624,FALSE
"5541",6949,1,20625,FALSE
"5542",4712,1,20626,FALSE
"5543",11746,1,20627,FALSE
"5544",5225,1,20628,FALSE
"5545",8203,1,20629,FALSE
"5546",8660,1,20630,FALSE
"5547",29378,1,20631,FALSE
"5548",9000,1,20632,FALSE
"5549",7428,1,20633,FALSE
"5550",5113,1,20634,FALSE
"5551",12935,1,20635,FALSE
"5552",32993,1,20636,FALSE
"5553",5870,1,20637,FALSE
"5554",5224,1,20638,FALSE
"5555",3005,1,20639,FALSE
"5556",3484,1,20640,FALSE
"5557",26998,1,20641,FALSE
"5558",14029,1,20642,FALSE
"5559",5189,1,20643,FALSE
"5560",11941,1,20644,FALSE
"5561",11134,1,20645,FALSE
"5562",3291,1,20646,FALSE
"5563",3289,1,20647,FALSE
"5564",28618,1,20648,FALSE
"5565",10240,1,20649,FALSE
"5566",4688,1,20650,FALSE
"5567",42882,1,20651,FALSE
"5568",37360,1,20652,FALSE
"5569",8231,1,20653,FALSE
"5570",11591,1,20654,FALSE
"5571",5241,1,20655,FALSE
"5572",4929,1,20656,FALSE
"5573",4161,1,20657,FALSE
"5574",6204,1,20658,FALSE
"5575",9159,1,20659,FALSE
"5576",6836,1,20660,FALSE
"5577",4720,1,20661,FALSE
"5578",2804,1,20662,FALSE
"5579",20802,1,20663,FALSE
"5580",5374,1,20664,FALSE
"5581",3586,1,20665,FALSE
"5582",16222,1,20666,FALSE
"5583",10254,1,20667,FALSE
"5584",6098,1,20668,FALSE
"5585",11735,1,20669,FALSE
"5586",6703,1,20670,FALSE
"5587",7150,1,20671,FALSE
"5588",7927,1,20672,FALSE
"5589",23206,1,20673,FALSE
"5590",4729,1,20674,FALSE
"5591",1888,1,20675,FALSE
"5592",25589,1,20676,FALSE
"5593",13435,1,20677,FALSE
"5594",19499,1,20678,FALSE
"5595",7176,1,20679,FALSE
"5596",21409,1,20680,FALSE
"5597",3150,1,20681,FALSE
"5598",10816,1,20682,FALSE
"5599",27690,1,20683,FALSE
"5600",11385,1,20684,FALSE
"5601",16767,1,20685,FALSE
"5602",17234,1,20686,FALSE
"5603",2880,1,20687,FALSE
"5604",9719,1,20688,FALSE
"5605",6791,1,20689,FALSE
"5606",4068,1,20690,FALSE
"5607",5852,1,20691,FALSE
"5608",7160,1,20692,FALSE
"5609",77618,1,20693,FALSE
"5610",3299,1,20694,FALSE
"5611",13506,1,20695,FALSE
"5612",4999,1,20696,FALSE
"5613",14994,1,20697,FALSE
"5614",6999,1,20698,FALSE
"5615",8204,1,20699,FALSE
"5616",3636,1,20700,FALSE
"5617",4657,1,20701,FALSE
"5618",5941,1,20702,FALSE
"5619",4573,1,20703,FALSE
"5620",4032,1,20704,FALSE
"5621",17689,1,20705,FALSE
"5622",4190,1,20706,FALSE
"5623",9251,1,20707,FALSE
"5624",6808,1,20708,FALSE
"5625",18931,1,20709,FALSE
"5626",5265,1,20710,FALSE
"5627",10419,1,20711,FALSE
"5628",6700,1,20712,FALSE
"5629",4383,1,20713,FALSE
"5630",5866,1,20714,FALSE
"5631",24413,1,20715,FALSE
"5632",4346,1,20716,FALSE
"5633",6147,1,20717,FALSE
"5634",8975,1,20718,FALSE
"5635",39156,1,20719,FALSE
"5636",12326,1,20720,FALSE
"5637",3156,1,20721,FALSE
"5638",9694,1,20722,FALSE
"5639",9012,1,20723,FALSE
"5640",7559,1,20724,FALSE
"5641",6397,1,20725,FALSE
"5642",12062,1,20726,FALSE
"5643",3758,1,20727,FALSE
"5644",12567,1,20728,FALSE
"5645",4249,1,20729,FALSE
"5646",6672,1,20730,FALSE
"5647",5191,1,20731,FALSE
"5648",7200,1,20732,FALSE
"5649",10304,1,20733,FALSE
"5650",6180,1,20734,FALSE
"5651",7819,1,20735,FALSE
"5652",9093,1,20736,FALSE
"5653",4909,1,20737,FALSE
"5654",15141,1,20738,FALSE
"5655",2319,1,20739,FALSE
"5656",6860,1,20740,FALSE
"5657",7931,1,20741,FALSE
"5658",5790,1,20742,FALSE
"5659",13277,1,20743,FALSE
"5660",6905,1,20744,FALSE
"5661",3829,1,20745,FALSE
"5662",12515,1,20746,FALSE
"5663",154232,1,20747,FALSE
"5664",20065,1,20748,FALSE
"5665",11398,1,20749,FALSE
"5666",4498,1,20750,FALSE
"5667",3952,1,20751,FALSE
"5668",5987,1,20752,FALSE
"5669",15719,1,20753,FALSE
"5670",12784,1,20754,FALSE
"5671",8705,1,20755,FALSE
"5672",4263,1,20756,FALSE
"5673",7505,1,20757,FALSE
"5674",7794,1,20758,FALSE
"5675",4280,1,20759,FALSE
"5676",3456,1,20760,FALSE
"5677",8146,1,20761,FALSE
"5678",9117,1,20762,FALSE
"5679",6781,1,20763,FALSE
"5680",4841,1,20764,FALSE
"5681",29065,1,20765,FALSE
"5682",7138,1,20766,FALSE
"5683",7019,1,20767,FALSE
"5684",8937,1,20768,FALSE
"5685",3574,1,20769,FALSE
"5686",3635,1,20770,FALSE
"5687",6582,1,20771,FALSE
"5688",11893,1,20772,FALSE
"5689",7163,1,20773,FALSE
"5690",19933,1,20774,FALSE
"5691",15822,1,20775,FALSE
"5692",152197,1,20776,FALSE
"5693",27964,1,20777,FALSE
"5694",6706,1,20778,FALSE
"5695",5631,1,20779,FALSE
"5696",8355,1,20780,FALSE
"5697",51070,1,20781,FALSE
"5698",10413,1,20782,FALSE
"5699",12863,1,20783,FALSE
"5700",3208,1,20784,FALSE
"5701",15769,1,20785,FALSE
"5702",24028,1,20786,FALSE
"5703",3519,1,20787,FALSE
"5704",7237,1,20788,FALSE
"5705",3375,1,20789,FALSE
"5706",10796,1,20790,FALSE
"5707",2314,1,20791,FALSE
"5708",6478,1,20792,FALSE
"5709",9042,1,20793,FALSE
"5710",8427,1,20794,FALSE
"5711",5844,1,20795,FALSE
"5712",10346,1,20796,FALSE
"5713",27859,1,20797,FALSE
"5714",2518,1,20798,FALSE
"5715",7922,1,20799,FALSE
"5716",27589,1,20800,FALSE
"5717",9624,1,20801,FALSE
"5718",8088,1,20802,FALSE
"5719",11142,1,20803,FALSE
"5720",7399,1,20804,FALSE
"5721",7120,1,20805,FALSE
"5722",69089,1,20806,FALSE
"5723",21104,1,20807,FALSE
"5724",25407,1,20808,FALSE
"5725",30172,1,20809,FALSE
"5726",3906,1,20810,FALSE
"5727",13953,1,20811,FALSE
"5728",3416,1,20812,FALSE
"5729",7541,1,20813,FALSE
"5730",4946,1,20814,FALSE
"5731",12253,1,20815,FALSE
"5732",48977,1,20816,FALSE
"5733",3942,1,20817,FALSE
"5734",3641,1,20818,FALSE
"5735",4304,1,20819,FALSE
"5736",13530,1,20820,FALSE
"5737",17193,1,20821,FALSE
"5738",4316,1,20822,FALSE
"5739",22412,1,20823,FALSE
"5740",3136,1,20824,FALSE
"5741",57798,1,20825,FALSE
"5742",35570,1,20826,FALSE
"5743",11725,1,20827,FALSE
"5744",3423,1,20828,FALSE
"5745",7876,1,20829,FALSE
"5746",7869,1,20830,FALSE
"5747",2792,1,20831,FALSE
"5748",162666,1,20832,FALSE
"5749",3702,1,20833,FALSE
"5750",4870,1,20834,FALSE
"5751",17945,1,20835,FALSE
"5752",15879,1,20836,FALSE
"5753",27709,1,20837,FALSE
"5754",13102,1,20838,FALSE
"5755",7407,1,20839,FALSE
"5756",10086,1,20840,FALSE
"5757",8099,1,20841,FALSE
"5758",10352,1,20842,FALSE
"5759",6629,1,20843,FALSE
"5760",4547,1,20844,FALSE
"5761",58755,1,20845,FALSE
"5762",2454,1,20846,FALSE
"5763",4783,1,20847,FALSE
"5764",5052,1,20848,FALSE
"5765",5723,1,20849,FALSE
"5766",4614,1,20850,FALSE
"5767",5674,1,20851,FALSE
"5768",9088,1,20852,FALSE
"5769",6117,1,20853,FALSE
"5770",12958,1,20854,FALSE
"5771",4170,1,20855,FALSE
"5772",17837,1,20856,FALSE
"5773",4659,1,20857,FALSE
"5774",3774,1,20858,FALSE
"5775",5200,1,20859,FALSE
"5776",9121,1,20860,FALSE
"5777",4742,1,20861,FALSE
"5778",6319,1,20862,FALSE
"5779",3037,1,20863,FALSE
"5780",11750,1,20864,FALSE
"5781",30908,1,20865,FALSE
"5782",4257,1,20866,FALSE
"5783",3279,1,20867,FALSE
"5784",6202,1,20868,FALSE
"5785",9278,1,20869,FALSE
"5786",8328,1,20870,FALSE
"5787",27658,1,20871,FALSE
"5788",5721,1,20872,FALSE
"5789",3345,1,20873,FALSE
"5790",4225,1,20874,FALSE
"5791",10092,1,20875,FALSE
"5792",30001,1,20876,FALSE
"5793",4157,1,20877,FALSE
"5794",10653,1,20878,FALSE
"5795",8451,1,20879,FALSE
"5796",9004,1,20880,FALSE
"5797",3202,1,20881,FALSE
"5798",9144,1,20882,FALSE
"5799",4106,1,20883,FALSE
"5800",6199,1,20884,FALSE
"5801",6798,1,20885,FALSE
"5802",13152,1,20886,FALSE
"5803",5705,1,20887,FALSE
"5804",15621,1,20888,FALSE
"5805",9696,1,20889,FALSE
"5806",4526,1,20890,FALSE
"5807",5740,1,20891,FALSE
"5808",11268,1,20892,FALSE
"5809",7255,1,20893,FALSE
"5810",8345,1,20894,FALSE
"5811",10235,1,20895,FALSE
"5812",21458,1,20896,FALSE
"5813",9498,1,20897,FALSE
"5814",6758,1,20898,FALSE
"5815",9098,1,20899,FALSE
"5816",15907,1,20900,FALSE
"5817",18013,1,20901,FALSE
"5818",8390,1,20902,FALSE
"5819",6362,1,20903,FALSE
"5820",26676,1,20904,FALSE
"5821",66204,1,20905,FALSE
"5822",14644,1,20906,FALSE
"5823",8541,1,20907,FALSE
"5824",3172,1,20908,FALSE
"5825",6030,1,20909,FALSE
"5826",3739,1,20910,FALSE
"5827",24359,1,20911,FALSE
"5828",118707,1,20912,FALSE
"5829",3284,1,20913,FALSE
"5830",6007,1,20914,FALSE
"5831",4770,1,20915,FALSE
"5832",7508,1,20916,FALSE
"5833",15121,1,20917,FALSE
"5834",135781,1,20918,FALSE
"5835",3199,1,20919,FALSE
"5836",9979,1,20920,FALSE
"5837",9174,1,20921,FALSE
"5838",48567,1,20922,FALSE
"5839",5092,1,20923,FALSE
"5840",8215,1,20924,FALSE
"5841",8236,1,20925,FALSE
"5842",3548,1,20926,FALSE
"5843",4924,1,20927,FALSE
"5844",5795,1,20928,FALSE
"5845",5820,1,20929,FALSE
"5846",11953,1,20930,FALSE
"5847",4152,1,20931,FALSE
"5848",3188,1,20932,FALSE
"5849",6075,1,20933,FALSE
"5850",7792,1,20934,FALSE
"5851",5239,1,20935,FALSE
"5852",10709,1,20936,FALSE
"5853",4367,1,20937,FALSE
"5854",19361,1,20938,FALSE
"5855",77333,1,20939,FALSE
"5856",13419,1,20940,FALSE
"5857",2929,1,20941,FALSE
"5858",7245,1,20942,FALSE
"5859",4992,1,20943,FALSE
"5860",2380,1,20944,FALSE
"5861",6415,1,20945,FALSE
"5862",15818,1,20946,FALSE
"5863",3825,1,20947,FALSE
"5864",10788,1,20948,FALSE
"5865",4000,1,20949,FALSE
"5866",4031,1,20950,FALSE
"5867",5862,1,20951,FALSE
"5868",8801,1,20952,FALSE
"5869",12550,1,20953,FALSE
"5870",5340,1,20954,FALSE
"5871",6351,1,20955,FALSE
"5872",8850,1,20956,FALSE
"5873",26429,1,20957,FALSE
"5874",3845,1,20958,FALSE
"5875",26038,1,20959,FALSE
"5876",7888,1,20960,FALSE
"5877",14085,1,20961,FALSE
"5878",9691,1,20962,FALSE
"5879",4781,1,20963,FALSE
"5880",9510,1,20964,FALSE
"5881",3601,1,20965,FALSE
"5882",7053,1,20966,FALSE
"5883",13460,1,20967,FALSE
"5884",4596,1,20968,FALSE
"5885",6578,1,20969,FALSE
"5886",4694,1,20970,FALSE
"5887",8617,1,20971,FALSE
"5888",7229,1,20972,FALSE
"5889",13539,1,20973,FALSE
"5890",21525,1,20974,FALSE
"5891",4985,1,20975,FALSE
"5892",7633,1,20976,FALSE
"5893",3989,1,20977,FALSE
"5894",110834,1,20978,FALSE
"5895",32539,1,20979,FALSE
"5896",5123,1,20980,FALSE
"5897",7989,1,20981,FALSE
"5898",13653,1,20982,FALSE
"5899",6398,1,20983,FALSE
"5900",35703,1,20984,FALSE
"5901",3486,1,20985,FALSE
"5902",18498,1,20986,FALSE
"5903",11273,1,20987,FALSE
"5904",9752,1,20988,FALSE
"5905",5303,1,20989,FALSE
"5906",5012,1,20990,FALSE
"5907",11473,1,20991,FALSE
"5908",2803,1,20992,FALSE
"5909",68265,1,20993,FALSE
"5910",23345,1,20994,FALSE
"5911",8054,1,20995,FALSE
"5912",9459,1,20996,FALSE
"5913",2593,1,20997,FALSE
"5914",6320,1,20998,FALSE
"5915",67371,1,20999,FALSE
"5916",5475,1,21000,FALSE
"5917",21675,1,21001,FALSE
"5918",4134,1,21002,FALSE
"5919",4753,1,21003,FALSE
"5920",7891,1,21004,FALSE
"5921",5761,1,21005,FALSE
"5922",4076,1,21006,FALSE
"5923",8228,1,21007,FALSE
"5924",6307,1,21008,FALSE
"5925",5261,1,21009,FALSE
"5926",3138,1,21010,FALSE
"5927",6863,1,21011,FALSE
"5928",9013,1,21012,FALSE
"5929",4668,1,21013,FALSE
"5930",13445,1,21014,FALSE
"5931",9369,1,21015,FALSE
"5932",12318,1,21016,FALSE
"5933",62459,1,21017,FALSE
"5934",9830,1,21018,FALSE
"5935",16730,1,21019,FALSE
"5936",5785,1,21020,FALSE
"5937",5600,1,21021,FALSE
"5938",75796,1,21022,FALSE
"5939",84973,1,21023,FALSE
"5940",14891,1,21024,FALSE
"5941",9528,1,21025,FALSE
"5942",8431,1,21026,FALSE
"5943",1003,8,8,TRUE
"5944",1349,7,15,TRUE
"5945",1055,7,22,TRUE
"5946",1261,6,28,TRUE
"5947",1206,6,34,TRUE
"5948",1157,6,40,TRUE
"5949",1137,6,46,TRUE
"5950",1186,6,52,TRUE
"5951",1197,6,58,TRUE
"5952",1249,6,64,TRUE
"5953",1051,6,70,TRUE
"5954",1044,6,76,TRUE
"5955",1083,6,82,TRUE
"5956",1034,6,88,TRUE
"5957",1088,5,93,TRUE
"5958",1085,5,98,TRUE
"5959",1106,5,103,TRUE
"5960",1275,5,108,TRUE
"5961",1014,5,113,TRUE
"5962",1070,5,118,TRUE
"5963",1079,5,123,TRUE
"5964",1047,5,128,TRUE
"5965",1437,5,133,TRUE
"5966",1031,5,138,TRUE
"5967",1080,5,143,TRUE
"5968",1037,5,148,TRUE
"5969",1209,5,153,TRUE
"5970",1250,5,158,TRUE
"5971",1073,5,163,TRUE
"5972",1040,4,167,TRUE
"5973",1403,4,171,TRUE
"5974",1466,4,175,TRUE
"5975",1075,4,179,TRUE
"5976",1580,4,183,TRUE
"5977",1214,4,187,TRUE
"5978",1008,4,191,TRUE
"5979",1035,4,195,TRUE
"5980",1340,4,199,TRUE
"5981",1286,4,203,TRUE
"5982",1778,4,207,TRUE
"5983",2047,4,211,TRUE
"5984",1164,4,215,TRUE
"5985",1404,4,219,TRUE
"5986",1210,4,223,TRUE
"5987",1001,4,227,TRUE
"5988",1382,4,231,TRUE
"5989",1150,4,235,TRUE
"5990",1535,4,239,TRUE
"5991",1181,4,243,TRUE
"5992",1293,4,247,TRUE
"5993",1002,4,251,TRUE
"5994",1547,4,255,TRUE
"5995",1581,4,259,TRUE
"5996",1332,4,263,TRUE
"5997",1612,4,267,TRUE
"5998",1321,4,271,TRUE
"5999",1045,4,275,TRUE
"6000",1305,4,279,TRUE
"6001",1057,4,283,TRUE
"6002",1412,4,287,TRUE
"6003",1100,4,291,TRUE
"6004",1557,4,295,TRUE
"6005",1553,4,299,TRUE
"6006",1369,4,303,TRUE
"6007",1154,4,307,TRUE
"6008",1141,4,311,TRUE
"6009",1263,4,315,TRUE
"6010",1061,4,319,TRUE
"6011",1523,4,323,TRUE
"6012",1110,4,327,TRUE
"6013",1147,4,331,TRUE
"6014",1528,4,335,TRUE
"6015",1205,4,339,TRUE
"6016",1081,4,343,TRUE
"6017",1020,4,347,TRUE
"6018",1013,4,351,TRUE
"6019",1029,4,355,TRUE
"6020",1309,4,359,TRUE
"6021",1108,4,363,TRUE
"6022",1124,4,367,TRUE
"6023",1135,4,371,TRUE
"6024",1600,4,375,TRUE
"6025",1117,4,379,TRUE
"6026",1036,4,383,TRUE
"6027",1016,4,387,TRUE
"6028",1222,4,391,TRUE
"6029",1015,4,395,TRUE
"6030",1064,3,398,TRUE
"6031",1518,3,401,TRUE
"6032",1169,3,404,TRUE
"6033",1573,3,407,TRUE
"6034",1155,3,410,TRUE
"6035",1454,3,413,TRUE
"6036",1194,3,416,TRUE
"6037",1446,3,419,TRUE
"6038",1314,3,422,TRUE
"6039",1388,3,425,TRUE
"6040",1484,3,428,TRUE
"6041",1310,3,431,TRUE
"6042",1146,3,434,TRUE
"6043",1888,3,437,TRUE
"6044",1158,3,440,TRUE
"6045",1076,3,443,TRUE
"6046",1719,3,446,TRUE
"6047",1435,3,449,TRUE
"6048",2225,3,452,TRUE
"6049",1151,3,455,TRUE
"6050",1018,3,458,TRUE
"6051",1455,3,461,TRUE
"6052",1125,3,464,TRUE
"6053",1738,3,467,TRUE
"6054",1066,3,470,TRUE
"6055",1392,3,473,TRUE
"6056",1551,3,476,TRUE
"6057",1414,3,479,TRUE
"6058",1297,3,482,TRUE
"6059",1789,3,485,TRUE
"6060",1983,3,488,TRUE
"6061",1265,3,491,TRUE
"6062",1329,3,494,TRUE
"6063",1359,3,497,TRUE
"6064",1570,3,500,TRUE
"6065",1224,3,503,TRUE
"6066",1010,3,506,TRUE
"6067",1023,3,509,TRUE
"6068",1374,3,512,TRUE
"6069",1339,3,515,TRUE
"6070",1485,3,518,TRUE
"6071",1734,3,521,TRUE
"6072",2259,3,524,TRUE
"6073",1142,3,527,TRUE
"6074",1233,3,530,TRUE
"6075",1351,3,533,TRUE
"6076",1038,3,536,TRUE
"6077",1704,3,539,TRUE
"6078",1190,3,542,TRUE
"6079",1304,3,545,TRUE
"6080",1184,3,548,TRUE
"6081",1666,3,551,TRUE
"6082",1299,3,554,TRUE
"6083",1256,3,557,TRUE
"6084",1610,3,560,TRUE
"6085",1462,3,563,TRUE
"6086",1033,3,566,TRUE
"6087",1805,3,569,TRUE
"6088",1776,3,572,TRUE
"6089",1202,3,575,TRUE
"6090",1313,3,578,TRUE
"6091",1278,3,581,TRUE
"6092",1497,3,584,TRUE
"6093",1043,3,587,TRUE
"6094",3130,3,590,TRUE
"6095",1019,3,593,TRUE
"6096",1005,3,596,TRUE
"6097",1945,3,599,TRUE
"6098",1430,3,602,TRUE
"6099",1027,3,605,TRUE
"6100",1095,3,608,TRUE
"6101",1515,3,611,TRUE
"6102",1833,3,614,TRUE
"6103",1418,3,617,TRUE
"6104",1900,3,620,TRUE
"6105",1489,3,623,TRUE
"6106",1270,3,626,TRUE
"6107",1171,3,629,TRUE
"6108",1105,3,632,TRUE
"6109",1284,3,635,TRUE
"6110",1819,3,638,TRUE
"6111",2053,3,641,TRUE
"6112",1223,3,644,TRUE
"6113",1024,3,647,TRUE
"6114",1253,3,650,TRUE
"6115",1207,3,653,TRUE
"6116",1583,3,656,TRUE
"6117",1107,3,659,TRUE
"6118",1598,3,662,TRUE
"6119",1160,3,665,TRUE
"6120",1969,3,668,TRUE
"6121",1428,3,671,TRUE
"6122",2011,3,674,TRUE
"6123",1319,3,677,TRUE
"6124",1011,3,680,TRUE
"6125",1165,3,683,TRUE
"6126",1134,3,686,TRUE
"6127",1052,3,689,TRUE
"6128",1395,3,692,TRUE
"6129",1094,3,695,TRUE
"6130",1201,3,698,TRUE
"6131",1283,3,701,TRUE
"6132",1401,3,704,TRUE
"6133",1092,3,707,TRUE
"6134",1935,3,710,TRUE
"6135",1187,3,713,TRUE
"6136",1344,3,716,TRUE
"6137",1252,3,719,TRUE
"6138",1287,3,722,TRUE
"6139",1542,3,725,TRUE
"6140",1059,3,728,TRUE
"6141",1166,3,731,TRUE
"6142",1827,3,734,TRUE
"6143",1189,2,736,TRUE
"6144",1090,2,738,TRUE
"6145",2037,2,740,TRUE
"6146",3168,2,742,TRUE
"6147",3010,2,744,TRUE
"6148",1740,2,746,TRUE
"6149",1170,2,748,TRUE
"6150",2081,2,750,TRUE
"6151",1595,2,752,TRUE
"6152",1933,2,754,TRUE
"6153",1258,2,756,TRUE
"6154",1478,2,758,TRUE
"6155",1818,2,760,TRUE
"6156",1071,2,762,TRUE
"6157",1927,2,764,TRUE
"6158",1215,2,766,TRUE
"6159",1331,2,768,TRUE
"6160",1302,2,770,TRUE
"6161",1101,2,772,TRUE
"6162",2268,2,774,TRUE
"6163",1113,2,776,TRUE
"6164",1669,2,778,TRUE
"6165",1238,2,780,TRUE
"6166",1342,2,782,TRUE
"6167",1746,2,784,TRUE
"6168",1144,2,786,TRUE
"6169",1527,2,788,TRUE
"6170",1544,2,790,TRUE
"6171",2380,2,792,TRUE
"6172",1453,2,794,TRUE
"6173",1334,2,796,TRUE
"6174",1097,2,798,TRUE
"6175",2739,2,800,TRUE
"6176",1804,2,802,TRUE
"6177",1279,2,804,TRUE
"6178",1803,2,806,TRUE
"6179",1383,2,808,TRUE
"6180",2251,2,810,TRUE
"6181",1451,2,812,TRUE
"6182",1556,2,814,TRUE
"6183",3171,2,816,TRUE
"6184",2065,2,818,TRUE
"6185",2002,2,820,TRUE
"6186",1228,2,822,TRUE
"6187",1448,2,824,TRUE
"6188",1509,2,826,TRUE
"6189",1862,2,828,TRUE
"6190",1482,2,830,TRUE
"6191",1175,2,832,TRUE
"6192",2450,2,834,TRUE
"6193",1025,2,836,TRUE
"6194",2176,2,838,TRUE
"6195",1761,2,840,TRUE
"6196",1864,2,842,TRUE
"6197",1507,2,844,TRUE
"6198",1130,2,846,TRUE
"6199",1072,2,848,TRUE
"6200",1087,2,850,TRUE
"6201",1467,2,852,TRUE
"6202",1978,2,854,TRUE
"6203",1138,2,856,TRUE
"6204",1067,2,858,TRUE
"6205",1434,2,860,TRUE
"6206",1845,2,862,TRUE
"6207",1494,2,864,TRUE
"6208",3005,2,866,TRUE
"6209",1764,2,868,TRUE
"6210",1459,2,870,TRUE
"6211",1636,2,872,TRUE
"6212",1899,2,874,TRUE
"6213",1750,2,876,TRUE
"6214",1389,2,878,TRUE
"6215",1291,2,880,TRUE
"6216",2908,2,882,TRUE
"6217",1006,2,884,TRUE
"6218",1820,2,886,TRUE
"6219",1289,2,888,TRUE
"6220",1120,2,890,TRUE
"6221",1350,2,892,TRUE
"6222",1102,2,894,TRUE
"6223",1413,2,896,TRUE
"6224",1463,2,898,TRUE
"6225",1317,2,900,TRUE
"6226",1148,2,902,TRUE
"6227",1793,2,904,TRUE
"6228",2850,2,906,TRUE
"6229",1640,2,908,TRUE
"6230",1880,2,910,TRUE
"6231",1326,2,912,TRUE
"6232",1048,2,914,TRUE
"6233",1004,2,916,TRUE
"6234",1869,2,918,TRUE
"6235",1483,2,920,TRUE
"6236",1623,2,922,TRUE
"6237",1799,2,924,TRUE
"6238",1534,2,926,TRUE
"6239",2307,2,928,TRUE
"6240",1084,2,930,TRUE
"6241",1239,2,932,TRUE
"6242",1739,2,934,TRUE
"6243",1325,2,936,TRUE
"6244",1058,2,938,TRUE
"6245",1539,2,940,TRUE
"6246",1999,2,942,TRUE
"6247",2235,2,944,TRUE
"6248",2407,2,946,TRUE
"6249",2849,2,948,TRUE
"6250",1065,2,950,TRUE
"6251",1774,2,952,TRUE
"6252",1910,2,954,TRUE
"6253",1371,2,956,TRUE
"6254",1179,2,958,TRUE
"6255",1406,2,960,TRUE
"6256",1198,2,962,TRUE
"6257",1870,2,964,TRUE
"6258",2590,2,966,TRUE
"6259",1838,2,968,TRUE
"6260",1191,2,970,TRUE
"6261",3278,2,972,TRUE
"6262",2314,2,974,TRUE
"6263",1046,2,976,TRUE
"6264",1177,2,978,TRUE
"6265",1172,2,980,TRUE
"6266",1235,2,982,TRUE
"6267",1246,2,984,TRUE
"6268",2316,2,986,TRUE
"6269",2180,2,988,TRUE
"6270",1896,2,990,TRUE
"6271",2109,2,992,TRUE
"6272",1056,2,994,TRUE
"6273",2440,2,996,TRUE
"6274",3200,2,998,TRUE
"6275",1009,2,1000,TRUE
"6276",1915,2,1002,TRUE
"6277",1315,2,1004,TRUE
"6278",2105,2,1006,TRUE
"6279",1865,2,1008,TRUE
"6280",2262,2,1010,TRUE
"6281",1122,2,1012,TRUE
"6282",1063,2,1014,TRUE
"6283",1691,2,1016,TRUE
"6284",2115,2,1018,TRUE
"6285",1784,2,1020,TRUE
"6286",1442,2,1022,TRUE
"6287",3863,2,1024,TRUE
"6288",1180,2,1026,TRUE
"6289",1603,2,1028,TRUE
"6290",1642,2,1030,TRUE
"6291",1182,2,1032,TRUE
"6292",3312,2,1034,TRUE
"6293",1245,2,1036,TRUE
"6294",1345,2,1038,TRUE
"6295",1645,2,1040,TRUE
"6296",1863,2,1042,TRUE
"6297",2443,2,1044,TRUE
"6298",1752,2,1046,TRUE
"6299",1785,2,1048,TRUE
"6300",1343,2,1050,TRUE
"6301",1660,2,1052,TRUE
"6302",1032,2,1054,TRUE
"6303",1021,2,1056,TRUE
"6304",1965,2,1058,TRUE
"6305",1788,2,1060,TRUE
"6306",1208,2,1062,TRUE
"6307",1460,2,1064,TRUE
"6308",3884,2,1066,TRUE
"6309",1563,2,1068,TRUE
"6310",5411,2,1070,TRUE
"6311",1026,2,1072,TRUE
"6312",1082,2,1074,TRUE
"6313",1783,2,1076,TRUE
"6314",1732,2,1078,TRUE
"6315",1574,2,1080,TRUE
"6316",1213,2,1082,TRUE
"6317",1426,2,1084,TRUE
"6318",2418,2,1086,TRUE
"6319",1949,2,1088,TRUE
"6320",1576,2,1090,TRUE
"6321",1429,2,1092,TRUE
"6322",1585,2,1094,TRUE
"6323",1306,2,1096,TRUE
"6324",1068,2,1098,TRUE
"6325",1729,2,1100,TRUE
"6326",1248,2,1102,TRUE
"6327",1513,2,1104,TRUE
"6328",1118,2,1106,TRUE
"6329",1280,2,1108,TRUE
"6330",1307,2,1110,TRUE
"6331",1537,2,1112,TRUE
"6332",1254,2,1114,TRUE
"6333",1316,2,1116,TRUE
"6334",1288,2,1118,TRUE
"6335",2335,2,1120,TRUE
"6336",2320,2,1122,TRUE
"6337",1362,2,1124,TRUE
"6338",1712,2,1126,TRUE
"6339",2465,2,1128,TRUE
"6340",1240,2,1130,TRUE
"6341",1363,2,1132,TRUE
"6342",1028,2,1134,TRUE
"6343",1099,2,1136,TRUE
"6344",1242,2,1138,TRUE
"6345",1230,2,1140,TRUE
"6346",1670,2,1142,TRUE
"6347",1420,2,1144,TRUE
"6348",1984,2,1146,TRUE
"6349",1282,2,1148,TRUE
"6350",1234,2,1150,TRUE
"6351",1872,2,1152,TRUE
"6352",1127,2,1154,TRUE
"6353",1049,2,1156,TRUE
"6354",1698,2,1158,TRUE
"6355",1425,2,1160,TRUE
"6356",1341,2,1162,TRUE
"6357",1338,2,1164,TRUE
"6358",1543,2,1166,TRUE
"6359",1103,2,1168,TRUE
"6360",1030,2,1170,TRUE
"6361",1104,2,1172,TRUE
"6362",1346,2,1174,TRUE
"6363",1508,2,1176,TRUE
"6364",1375,2,1178,TRUE
"6365",1231,2,1180,TRUE
"6366",1567,2,1182,TRUE
"6367",1758,2,1184,TRUE
"6368",1604,2,1186,TRUE
"6369",2066,2,1188,TRUE
"6370",1086,2,1190,TRUE
"6371",1423,2,1192,TRUE
"6372",1145,2,1194,TRUE
"6373",2040,2,1196,TRUE
"6374",1199,2,1198,TRUE
"6375",1370,2,1200,TRUE
"6376",1579,2,1202,TRUE
"6377",1394,2,1204,TRUE
"6378",1878,2,1206,TRUE
"6379",1336,2,1208,TRUE
"6380",1156,2,1210,TRUE
"6381",1447,2,1212,TRUE
"6382",1133,2,1214,TRUE
"6383",1825,2,1216,TRUE
"6384",1285,2,1218,TRUE
"6385",1300,2,1220,TRUE
"6386",4630,2,1222,TRUE
"6387",2064,1,1223,TRUE
"6388",1860,1,1224,TRUE
"6389",5074,1,1225,TRUE
"6390",16553,1,1226,TRUE
"6391",2283,1,1227,TRUE
"6392",1517,1,1228,TRUE
"6393",1054,1,1229,TRUE
"6394",2107,1,1230,TRUE
"6395",3435,1,1231,TRUE
"6396",1367,1,1232,TRUE
"6397",1731,1,1233,TRUE
"6398",1400,1,1234,TRUE
"6399",2957,1,1235,TRUE
"6400",4050,1,1236,TRUE
"6401",1975,1,1237,TRUE
"6402",2192,1,1238,TRUE
"6403",2300,1,1239,TRUE
"6404",1301,1,1240,TRUE
"6405",1333,1,1241,TRUE
"6406",1480,1,1242,TRUE
"6407",1909,1,1243,TRUE
"6408",1468,1,1244,TRUE
"6409",3457,1,1245,TRUE
"6410",13193,1,1246,TRUE
"6411",3206,1,1247,TRUE
"6412",3928,1,1248,TRUE
"6413",1777,1,1249,TRUE
"6414",4068,1,1250,TRUE
"6415",1831,1,1251,TRUE
"6416",4517,1,1252,TRUE
"6417",2384,1,1253,TRUE
"6418",1417,1,1254,TRUE
"6419",2248,1,1255,TRUE
"6420",1873,1,1256,TRUE
"6421",7993,1,1257,TRUE
"6422",1422,1,1258,TRUE
"6423",1787,1,1259,TRUE
"6424",1348,1,1260,TRUE
"6425",1050,1,1261,TRUE
"6426",3475,1,1262,TRUE
"6427",1668,1,1263,TRUE
"6428",5604,1,1264,TRUE
"6429",5390,1,1265,TRUE
"6430",3918,1,1266,TRUE
"6431",1644,1,1267,TRUE
"6432",4830,1,1268,TRUE
"6433",2222,1,1269,TRUE
"6434",1218,1,1270,TRUE
"6435",10992,1,1271,TRUE
"6436",1721,1,1272,TRUE
"6437",8278,1,1273,TRUE
"6438",3641,1,1274,TRUE
"6439",3051,1,1275,TRUE
"6440",1469,1,1276,TRUE
"6441",3803,1,1277,TRUE
"6442",2129,1,1278,TRUE
"6443",1225,1,1279,TRUE
"6444",1232,1,1280,TRUE
"6445",2177,1,1281,TRUE
"6446",1716,1,1282,TRUE
"6447",1558,1,1283,TRUE
"6448",97926,1,1284,TRUE
"6449",5719,1,1285,TRUE
"6450",2803,1,1286,TRUE
"6451",1078,1,1287,TRUE
"6452",2887,1,1288,TRUE
"6453",1986,1,1289,TRUE
"6454",1857,1,1290,TRUE
"6455",7613,1,1291,TRUE
"6456",3890,1,1292,TRUE
"6457",1471,1,1293,TRUE
"6458",3389,1,1294,TRUE
"6459",2023,1,1295,TRUE
"6460",2052,1,1296,TRUE
"6461",5363,1,1297,TRUE
"6462",2075,1,1298,TRUE
"6463",3776,1,1299,TRUE
"6464",2382,1,1300,TRUE
"6465",2354,1,1301,TRUE
"6466",1525,1,1302,TRUE
"6467",1907,1,1303,TRUE
"6468",2670,1,1304,TRUE
"6469",4715,1,1305,TRUE
"6470",1941,1,1306,TRUE
"6471",1725,1,1307,TRUE
"6472",5315,1,1308,TRUE
"6473",5471,1,1309,TRUE
"6474",1132,1,1310,TRUE
"6475",1773,1,1311,TRUE
"6476",2495,1,1312,TRUE
"6477",1694,1,1313,TRUE
"6478",1689,1,1314,TRUE
"6479",4424,1,1315,TRUE
"6480",3228,1,1316,TRUE
"6481",4270,1,1317,TRUE
"6482",1593,1,1318,TRUE
"6483",2924,1,1319,TRUE
"6484",7337,1,1320,TRUE
"6485",8309,1,1321,TRUE
"6486",1017,1,1322,TRUE
"6487",5484,1,1323,TRUE
"6488",2538,1,1324,TRUE
"6489",2464,1,1325,TRUE
"6490",2558,1,1326,TRUE
"6491",1353,1,1327,TRUE
"6492",2952,1,1328,TRUE
"6493",1601,1,1329,TRUE
"6494",2631,1,1330,TRUE
"6495",1675,1,1331,TRUE
"6496",2116,1,1332,TRUE
"6497",3303,1,1333,TRUE
"6498",1384,1,1334,TRUE
"6499",1565,1,1335,TRUE
"6500",2197,1,1336,TRUE
"6501",2104,1,1337,TRUE
"6502",1273,1,1338,TRUE
"6503",2289,1,1339,TRUE
"6504",3556,1,1340,TRUE
"6505",3761,1,1341,TRUE
"6506",7374,1,1342,TRUE
"6507",5164,1,1343,TRUE
"6508",2142,1,1344,TRUE
"6509",2298,1,1345,TRUE
"6510",3112,1,1346,TRUE
"6511",1441,1,1347,TRUE
"6512",2309,1,1348,TRUE
"6513",2823,1,1349,TRUE
"6514",1366,1,1350,TRUE
"6515",1714,1,1351,TRUE
"6516",2238,1,1352,TRUE
"6517",2206,1,1353,TRUE
"6518",3779,1,1354,TRUE
"6519",1203,1,1355,TRUE
"6520",1904,1,1356,TRUE
"6521",3321,1,1357,TRUE
"6522",3280,1,1358,TRUE
"6523",3941,1,1359,TRUE
"6524",1053,1,1360,TRUE
"6525",2359,1,1361,TRUE
"6526",5349,1,1362,TRUE
"6527",1461,1,1363,TRUE
"6528",3721,1,1364,TRUE
"6529",2435,1,1365,TRUE
"6530",2050,1,1366,TRUE
"6531",3192,1,1367,TRUE
"6532",2602,1,1368,TRUE
"6533",2128,1,1369,TRUE
"6534",1856,1,1370,TRUE
"6535",2102,1,1371,TRUE
"6536",4706,1,1372,TRUE
"6537",1885,1,1373,TRUE
"6538",3148,1,1374,TRUE
"6539",4169,1,1375,TRUE
"6540",1849,1,1376,TRUE
"6541",1620,1,1377,TRUE
"6542",1591,1,1378,TRUE
"6543",4340,1,1379,TRUE
"6544",1566,1,1380,TRUE
"6545",2007,1,1381,TRUE
"6546",1722,1,1382,TRUE
"6547",1650,1,1383,TRUE
"6548",3682,1,1384,TRUE
"6549",2217,1,1385,TRUE
"6550",1661,1,1386,TRUE
"6551",2753,1,1387,TRUE
"6552",1522,1,1388,TRUE
"6553",1062,1,1389,TRUE
"6554",2926,1,1390,TRUE
"6555",2327,1,1391,TRUE
"6556",3347,1,1392,TRUE
"6557",1364,1,1393,TRUE
"6558",2149,1,1394,TRUE
"6559",1972,1,1395,TRUE
"6560",6190,1,1396,TRUE
"6561",2166,1,1397,TRUE
"6562",2027,1,1398,TRUE
"6563",1380,1,1399,TRUE
"6564",1439,1,1400,TRUE
"6565",1503,1,1401,TRUE
"6566",3155,1,1402,TRUE
"6567",3570,1,1403,TRUE
"6568",3402,1,1404,TRUE
"6569",1759,1,1405,TRUE
"6570",5724,1,1406,TRUE
"6571",1219,1,1407,TRUE
"6572",2282,1,1408,TRUE
"6573",16456,1,1409,TRUE
"6574",1635,1,1410,TRUE
"6575",13936,1,1411,TRUE
"6576",13491,1,1412,TRUE
"6577",1572,1,1413,TRUE
"6578",2438,1,1414,TRUE
"6579",3176,1,1415,TRUE
"6580",2414,1,1416,TRUE
"6581",20372,1,1417,TRUE
"6582",2117,1,1418,TRUE
"6583",1514,1,1419,TRUE
"6584",1176,1,1420,TRUE
"6585",1419,1,1421,TRUE
"6586",1561,1,1422,TRUE
"6587",1662,1,1423,TRUE
"6588",5197,1,1424,TRUE
"6589",6858,1,1425,TRUE
"6590",1456,1,1426,TRUE
"6591",2406,1,1427,TRUE
"6592",6203,1,1428,TRUE
"6593",2559,1,1429,TRUE
"6594",1913,1,1430,TRUE
"6595",2273,1,1431,TRUE
"6596",1807,1,1432,TRUE
"6597",1112,1,1433,TRUE
"6598",1161,1,1434,TRUE
"6599",4655,1,1435,TRUE
"6600",2340,1,1436,TRUE
"6601",2078,1,1437,TRUE
"6602",4348,1,1438,TRUE
"6603",1605,1,1439,TRUE
"6604",1474,1,1440,TRUE
"6605",2020,1,1441,TRUE
"6606",1292,1,1442,TRUE
"6607",2086,1,1443,TRUE
"6608",3053,1,1444,TRUE
"6609",1621,1,1445,TRUE
"6610",1912,1,1446,TRUE
"6611",5799,1,1447,TRUE
"6612",2873,1,1448,TRUE
"6613",10339,1,1449,TRUE
"6614",1185,1,1450,TRUE
"6615",3364,1,1451,TRUE
"6616",1697,1,1452,TRUE
"6617",4226,1,1453,TRUE
"6618",1979,1,1454,TRUE
"6619",8642,1,1455,TRUE
"6620",1665,1,1456,TRUE
"6621",1990,1,1457,TRUE
"6622",11514,1,1458,TRUE
"6623",2822,1,1459,TRUE
"6624",26176,1,1460,TRUE
"6625",3070,1,1461,TRUE
"6626",8483,1,1462,TRUE
"6627",1136,1,1463,TRUE
"6628",1320,1,1464,TRUE
"6629",2165,1,1465,TRUE
"6630",9013,1,1466,TRUE
"6631",2812,1,1467,TRUE
"6632",2541,1,1468,TRUE
"6633",1327,1,1469,TRUE
"6634",1772,1,1470,TRUE
"6635",1705,1,1471,TRUE
"6636",20818,1,1472,TRUE
"6637",1829,1,1473,TRUE
"6638",2645,1,1474,TRUE
"6639",1957,1,1475,TRUE
"6640",1586,1,1476,TRUE
"6641",3071,1,1477,TRUE
"6642",2199,1,1478,TRUE
"6643",1842,1,1479,TRUE
"6644",5528,1,1480,TRUE
"6645",3329,1,1481,TRUE
"6646",2029,1,1482,TRUE
"6647",2056,1,1483,TRUE
"6648",1974,1,1484,TRUE
"6649",5416,1,1485,TRUE
"6650",14842,1,1486,TRUE
"6651",2365,1,1487,TRUE
"6652",2172,1,1488,TRUE
"6653",1163,1,1489,TRUE
"6654",6690,1,1490,TRUE
"6655",2979,1,1491,TRUE
"6656",1091,1,1492,TRUE
"6657",4718,1,1493,TRUE
"6658",5309,1,1494,TRUE
"6659",1702,1,1495,TRUE
"6660",1656,1,1496,TRUE
"6661",1524,1,1497,TRUE
"6662",4175,1,1498,TRUE
"6663",2570,1,1499,TRUE
"6664",4665,1,1500,TRUE
"6665",2215,1,1501,TRUE
"6666",6561,1,1502,TRUE
"6667",2856,1,1503,TRUE
"6668",8063,1,1504,TRUE
"6669",1173,1,1505,TRUE
"6670",1296,1,1506,TRUE
"6671",2795,1,1507,TRUE
"6672",2611,1,1508,TRUE
"6673",1337,1,1509,TRUE
"6674",2137,1,1510,TRUE
"6675",1726,1,1511,TRUE
"6676",7371,1,1512,TRUE
"6677",2586,1,1513,TRUE
"6678",16158,1,1514,TRUE
"6679",1577,1,1515,TRUE
"6680",23683,1,1516,TRUE
"6681",4298,1,1517,TRUE
"6682",4173,1,1518,TRUE
"6683",2025,1,1519,TRUE
"6684",1241,1,1520,TRUE
"6685",1276,1,1521,TRUE
"6686",2048,1,1522,TRUE
"6687",2003,1,1523,TRUE
"6688",2016,1,1524,TRUE
"6689",4449,1,1525,TRUE
"6690",2564,1,1526,TRUE
"6691",1973,1,1527,TRUE
"6692",1718,1,1528,TRUE
"6693",3960,1,1529,TRUE
"6694",1416,1,1530,TRUE
"6695",3046,1,1531,TRUE
"6696",1658,1,1532,TRUE
"6697",1488,1,1533,TRUE
"6698",1193,1,1534,TRUE
"6699",1771,1,1535,TRUE
"6700",2223,1,1536,TRUE
"6701",1708,1,1537,TRUE
"6702",3819,1,1538,TRUE
"6703",3713,1,1539,TRUE
"6704",10947,1,1540,TRUE
"6705",1536,1,1541,TRUE
"6706",14652,1,1542,TRUE
"6707",2545,1,1543,TRUE
"6708",1596,1,1544,TRUE
"6709",4488,1,1545,TRUE
"6710",3383,1,1546,TRUE
"6711",1562,1,1547,TRUE
"6712",1653,1,1548,TRUE
"6713",1473,1,1549,TRUE
"6714",16075,1,1550,TRUE
"6715",2752,1,1551,TRUE
"6716",1982,1,1552,TRUE
"6717",2119,1,1553,TRUE
"6718",2554,1,1554,TRUE
"6719",2183,1,1555,TRUE
"6720",6886,1,1556,TRUE
"6721",7269,1,1557,TRUE
"6722",75799,1,1558,TRUE
"6723",1128,1,1559,TRUE
"6724",10535,1,1560,TRUE
"6725",1491,1,1561,TRUE
"6726",8272,1,1562,TRUE
"6727",1779,1,1563,TRUE
"6728",1396,1,1564,TRUE
"6729",1129,1,1565,TRUE
"6730",2626,1,1566,TRUE
"6731",1680,1,1567,TRUE
"6732",2998,1,1568,TRUE
"6733",2249,1,1569,TRUE
"6734",8838,1,1570,TRUE
"6735",2203,1,1571,TRUE
"6736",3025,1,1572,TRUE
"6737",2827,1,1573,TRUE
"6738",1162,1,1574,TRUE
"6739",2688,1,1575,TRUE
"6740",3657,1,1576,TRUE
"6741",2608,1,1577,TRUE
"6742",2296,1,1578,TRUE
"6743",1386,1,1579,TRUE
"6744",2516,1,1580,TRUE
"6745",1123,1,1581,TRUE
"6746",97744,1,1582,TRUE
"6747",2139,1,1583,TRUE
"6748",7143,1,1584,TRUE
"6749",1450,1,1585,TRUE
"6750",12833,1,1586,TRUE
"6751",2422,1,1587,TRUE
"6752",4210,1,1588,TRUE
"6753",1895,1,1589,TRUE
"6754",3485,1,1590,TRUE
"6755",2344,1,1591,TRUE
"6756",3903,1,1592,TRUE
"6757",2404,1,1593,TRUE
"6758",20772,1,1594,TRUE
"6759",1555,1,1595,TRUE
"6760",2330,1,1596,TRUE
"6761",1259,1,1597,TRUE
"6762",2638,1,1598,TRUE
"6763",4861,1,1599,TRUE
"6764",4498,1,1600,TRUE
"6765",1012,1,1601,TRUE
"6766",24512,1,1602,TRUE
"6767",2819,1,1603,TRUE
"6768",2062,1,1604,TRUE
"6769",1379,1,1605,TRUE
"6770",1659,1,1606,TRUE
"6771",5359,1,1607,TRUE
"6772",4574,1,1608,TRUE
"6773",45216,1,1609,TRUE
"6774",2393,1,1610,TRUE
"6775",2308,1,1611,TRUE
"6776",2346,1,1612,TRUE
"6777",2264,1,1613,TRUE
"6778",8903,1,1614,TRUE
"6779",1174,1,1615,TRUE
"6780",17706,1,1616,TRUE
"6781",2234,1,1617,TRUE
"6782",5785,1,1618,TRUE
"6783",2144,1,1619,TRUE
"6784",1989,1,1620,TRUE
"6785",1622,1,1621,TRUE
"6786",3050,1,1622,TRUE
"6787",1677,1,1623,TRUE
"6788",3808,1,1624,TRUE
"6789",2484,1,1625,TRUE
"6790",2472,1,1626,TRUE
"6791",3877,1,1627,TRUE
"6792",1530,1,1628,TRUE
"6793",3164,1,1629,TRUE
"6794",3961,1,1630,TRUE
"6795",1664,1,1631,TRUE
"6796",1204,1,1632,TRUE
"6797",4441,1,1633,TRUE
"6798",1894,1,1634,TRUE
"6799",19284,1,1635,TRUE
"6800",3356,1,1636,TRUE
"6801",1814,1,1637,TRUE
"6802",1817,1,1638,TRUE
"6803",2113,1,1639,TRUE
"6804",4014,1,1640,TRUE
"6805",1988,1,1641,TRUE
"6806",1323,1,1642,TRUE
"6807",2000,1,1643,TRUE
"6808",1546,1,1644,TRUE
"6809",2984,1,1645,TRUE
"6810",4648,1,1646,TRUE
"6811",3477,1,1647,TRUE
"6812",2469,1,1648,TRUE
"6813",6908,1,1649,TRUE
"6814",1707,1,1650,TRUE
"6815",1322,1,1651,TRUE
"6816",2577,1,1652,TRUE
"6817",20269,1,1653,TRUE
"6818",1438,1,1654,TRUE
"6819",2179,1,1655,TRUE
"6820",1498,1,1656,TRUE
"6821",2928,1,1657,TRUE
"6822",1684,1,1658,TRUE
"6823",3114,1,1659,TRUE
"6824",3752,1,1660,TRUE
"6825",1961,1,1661,TRUE
"6826",1994,1,1662,TRUE
"6827",3386,1,1663,TRUE
"6828",2236,1,1664,TRUE
"6829",1116,1,1665,TRUE
"6830",1041,1,1666,TRUE
"6831",2895,1,1667,TRUE
"6832",4853,1,1668,TRUE
"6833",4505,1,1669,TRUE
"6834",2878,1,1670,TRUE
"6835",3604,1,1671,TRUE
"6836",1753,1,1672,TRUE
"6837",4565,1,1673,TRUE
"6838",1699,1,1674,TRUE
"6839",1295,1,1675,TRUE
"6840",1671,1,1676,TRUE
"6841",1947,1,1677,TRUE
"6842",3902,1,1678,TRUE
"6843",2701,1,1679,TRUE
"6844",5103,1,1680,TRUE
"6845",5005,1,1681,TRUE
"6846",2427,1,1682,TRUE
"6847",30963,1,1683,TRUE
"6848",2357,1,1684,TRUE
"6849",1520,1,1685,TRUE
"6850",2485,1,1686,TRUE
"6851",2405,1,1687,TRUE
"6852",6776,1,1688,TRUE
"6853",2256,1,1689,TRUE
"6854",2471,1,1690,TRUE
"6855",5095,1,1691,TRUE
"6856",7172,1,1692,TRUE
"6857",2565,1,1693,TRUE
"6858",4740,1,1694,TRUE
"6859",2395,1,1695,TRUE
"6860",8553,1,1696,TRUE
"6861",1538,1,1697,TRUE
"6862",1458,1,1698,TRUE
"6863",2816,1,1699,TRUE
"6864",1775,1,1700,TRUE
"6865",1797,1,1701,TRUE
"6866",7279,1,1702,TRUE
"6867",2494,1,1703,TRUE
"6868",1763,1,1704,TRUE
"6869",2522,1,1705,TRUE
"6870",2175,1,1706,TRUE
"6871",2243,1,1707,TRUE
"6872",1227,1,1708,TRUE
"6873",2297,1,1709,TRUE
"6874",3539,1,1710,TRUE
"6875",1962,1,1711,TRUE
"6876",1607,1,1712,TRUE
"6877",2915,1,1713,TRUE
"6878",2781,1,1714,TRUE
"6879",2922,1,1715,TRUE
"6880",9093,1,1716,TRUE
"6881",4224,1,1717,TRUE
"6882",4808,1,1718,TRUE
"6883",4211,1,1719,TRUE
"6884",2934,1,1720,TRUE
"6885",1385,1,1721,TRUE
"6886",12217,1,1722,TRUE
"6887",2693,1,1723,TRUE
"6888",1143,1,1724,TRUE
"6889",1627,1,1725,TRUE
"6890",2389,1,1726,TRUE
"6891",2463,1,1727,TRUE
"6892",1074,1,1728,TRUE
"6893",2154,1,1729,TRUE
"6894",7250,1,1730,TRUE
"6895",2034,1,1731,TRUE
"6896",2543,1,1732,TRUE
"6897",2993,1,1733,TRUE
"6898",1867,1,1734,TRUE
"6899",2599,1,1735,TRUE
"6900",2775,1,1736,TRUE
"6901",2349,1,1737,TRUE
"6902",3113,1,1738,TRUE
"6903",3354,1,1739,TRUE
"6904",2196,1,1740,TRUE
"6905",1361,1,1741,TRUE
"6906",1626,1,1742,TRUE
"6907",7409,1,1743,TRUE
"6908",1358,1,1744,TRUE
"6909",4962,1,1745,TRUE
"6910",1260,1,1746,TRUE
"6911",2708,1,1747,TRUE
"6912",6688,1,1748,TRUE
"6913",14902,1,1749,TRUE
"6914",7842,1,1750,TRUE
"6915",3672,1,1751,TRUE
"6916",1846,1,1752,TRUE
"6917",6199,1,1753,TRUE
"6918",1549,1,1754,TRUE
"6919",2844,1,1755,TRUE
"6920",1859,1,1756,TRUE
"6921",1633,1,1757,TRUE
"6922",1481,1,1758,TRUE
"6923",7096,1,1759,TRUE
"6924",1970,1,1760,TRUE
"6925",3799,1,1761,TRUE
"6926",3524,1,1762,TRUE
"6927",2108,1,1763,TRUE
"6928",1109,1,1764,TRUE
"6929",1569,1,1765,TRUE
"6930",1475,1,1766,TRUE
"6931",2748,1,1767,TRUE
"6932",2863,1,1768,TRUE
"6933",3080,1,1769,TRUE
"6934",1794,1,1770,TRUE
"6935",2563,1,1771,TRUE
"6936",5371,1,1772,TRUE
"6937",3418,1,1773,TRUE
"6938",5282,1,1774,TRUE
"6939",1274,1,1775,TRUE
"6940",1312,1,1776,TRUE
"6941",5010,1,1777,TRUE
"6942",1615,1,1778,TRUE
"6943",2270,1,1779,TRUE
"6944",2746,1,1780,TRUE
"6945",1427,1,1781,TRUE
"6946",2811,1,1782,TRUE
"6947",6077,1,1783,TRUE
"6948",1780,1,1784,TRUE
"6949",8930,1,1785,TRUE
"6950",3602,1,1786,TRUE
"6951",1943,1,1787,TRUE
"6952",1039,1,1788,TRUE
"6953",1631,1,1789,TRUE
"6954",3270,1,1790,TRUE
"6955",5989,1,1791,TRUE
"6956",1178,1,1792,TRUE
"6957",2598,1,1793,TRUE
"6958",6349,1,1794,TRUE
"6959",2704,1,1795,TRUE
"6960",1932,1,1796,TRUE
"6961",2341,1,1797,TRUE
"6962",3901,1,1798,TRUE
"6963",2912,1,1799,TRUE
"6964",9393,1,1800,TRUE
"6965",2376,1,1801,TRUE
"6966",1465,1,1802,TRUE
"6967",1168,1,1803,TRUE
"6968",2045,1,1804,TRUE
"6969",6410,1,1805,TRUE
"6970",1060,1,1806,TRUE
"6971",2862,1,1807,TRUE
"6972",4359,1,1808,TRUE
"6973",4178,1,1809,TRUE
"6974",2576,1,1810,TRUE
"6975",1652,1,1811,TRUE
"6976",2530,1,1812,TRUE
"6977",16846,1,1813,TRUE
"6978",2111,1,1814,TRUE
"6979",4614,1,1815,TRUE
"6980",6482,1,1816,TRUE
"6981",1751,1,1817,TRUE
"6982",1212,1,1818,TRUE
"6983",2603,1,1819,TRUE
"6984",1835,1,1820,TRUE
"6985",3368,1,1821,TRUE
"6986",3850,1,1822,TRUE
"6987",3203,1,1823,TRUE
"6988",3131,1,1824,TRUE
"6989",2549,1,1825,TRUE
"6990",1272,1,1826,TRUE
"6991",4819,1,1827,TRUE
"6992",2163,1,1828,TRUE
"6993",4247,1,1829,TRUE
"6994",1987,1,1830,TRUE
"6995",1402,1,1831,TRUE
"6996",2633,1,1832,TRUE
"6997",1634,1,1833,TRUE
"6998",1790,1,1834,TRUE
"6999",19678,1,1835,TRUE
"7000",2852,1,1836,TRUE
"7001",2370,1,1837,TRUE
"7002",9990,1,1838,TRUE
"7003",1685,1,1839,TRUE
"7004",1696,1,1840,TRUE
"7005",2121,1,1841,TRUE
"7006",1324,1,1842,TRUE
"7007",7227,1,1843,TRUE
"7008",1578,1,1844,TRUE
"7009",2801,1,1845,TRUE
"7010",4406,1,1846,TRUE
"7011",2552,1,1847,TRUE
"7012",2043,1,1848,TRUE
"7013",2466,1,1849,TRUE
"7014",3520,1,1850,TRUE
"7015",1638,1,1851,TRUE
"7016",2720,1,1852,TRUE
"7017",2605,1,1853,TRUE
"7018",1217,1,1854,TRUE
"7019",2815,1,1855,TRUE
"7020",3085,1,1856,TRUE
"7021",5959,1,1857,TRUE
"7022",1519,1,1858,TRUE
"7023",2212,1,1859,TRUE
"7024",16030,1,1860,TRUE
"7025",2073,1,1861,TRUE
"7026",1692,1,1862,TRUE
"7027",4901,1,1863,TRUE
"7028",3489,1,1864,TRUE
"7029",1839,1,1865,TRUE
"7030",1432,1,1866,TRUE
"7031",3215,1,1867,TRUE
"7032",2373,1,1868,TRUE
"7033",1452,1,1869,TRUE
"7034",7012,1,1870,TRUE
"7035",3741,1,1871,TRUE
"7036",5099,1,1872,TRUE
"7037",1220,1,1873,TRUE
"7038",3596,1,1874,TRUE
"7039",1768,1,1875,TRUE
"7040",45057,1,1876,TRUE
"7041",6278,1,1877,TRUE
"7042",9394,1,1878,TRUE
"7043",3296,1,1879,TRUE
"7044",2994,1,1880,TRUE
"7045",1597,1,1881,TRUE
"7046",1365,1,1882,TRUE
"7047",37896,1,1883,TRUE
"7048",3995,1,1884,TRUE
"7049",5802,1,1885,TRUE
"7050",1800,1,1886,TRUE
"7051",3135,1,1887,TRUE
"7052",1938,1,1888,TRUE
"7053",1262,1,1889,TRUE
"7054",2929,1,1890,TRUE
"7055",3361,1,1891,TRUE
"7056",1281,1,1892,TRUE
"7057",6297,1,1893,TRUE
"7058",2189,1,1894,TRUE
"7059",1328,1,1895,TRUE
"7060",1042,1,1896,TRUE
"7061",1477,1,1897,TRUE
"7062",3151,1,1898,TRUE
"7063",2571,1,1899,TRUE
"7064",5288,1,1900,TRUE
"7065",2560,1,1901,TRUE
"7066",2736,1,1902,TRUE
"7067",1854,1,1903,TRUE
"7068",8459,1,1904,TRUE
"7069",1398,1,1905,TRUE
"7070",1741,1,1906,TRUE
"7071",2198,1,1907,TRUE
"7072",1628,1,1908,TRUE
"7073",3110,1,1909,TRUE
"7074",2839,1,1910,TRUE
"7075",1568,1,1911,TRUE
"7076",1347,1,1912,TRUE
"7077",8890,1,1913,TRUE
"7078",1651,1,1914,TRUE
"7079",1841,1,1915,TRUE
"7080",1376,1,1916,TRUE
"7081",2733,1,1917,TRUE
"7082",4419,1,1918,TRUE
"7083",1399,1,1919,TRUE
"7084",20060,1,1920,TRUE
"7085",3166,1,1921,TRUE
"7086",6607,1,1922,TRUE
"7087",2408,1,1923,TRUE
"7088",2036,1,1924,TRUE
"7089",2694,1,1925,TRUE
"7090",2536,1,1926,TRUE
"7091",1390,1,1927,TRUE
"7092",3120,1,1928,TRUE
"7093",3468,1,1929,TRUE
"7094",1532,1,1930,TRUE
"7095",2063,1,1931,TRUE
"7096",6664,1,1932,TRUE
"7097",2323,1,1933,TRUE
"7098",53680,1,1934,TRUE
"7099",3109,1,1935,TRUE
"7100",2160,1,1936,TRUE
"7101",1632,1,1937,TRUE
"7102",2350,1,1938,TRUE
"7103",4439,1,1939,TRUE
"7104",2151,1,1940,TRUE
"7105",3861,1,1941,TRUE
"7106",5146,1,1942,TRUE
"7107",1119,1,1943,TRUE
"7108",3169,1,1944,TRUE
"7109",2948,1,1945,TRUE
"7110",1930,1,1946,TRUE
"7111",1121,1,1947,TRUE
"7112",3295,1,1948,TRUE
"7113",2337,1,1949,TRUE
"7114",1493,1,1950,TRUE
"7115",1449,1,1951,TRUE
"7116",1560,1,1952,TRUE
"7117",1444,1,1953,TRUE
"7118",2266,1,1954,TRUE
"7119",2486,1,1955,TRUE
"7120",1377,1,1956,TRUE
"7121",1767,1,1957,TRUE
"7122",10338,1,1958,TRUE
"7123",2668,1,1959,TRUE
"7124",4814,1,1960,TRUE
"7125",1330,1,1961,TRUE
"7126",2491,1,1962,TRUE
"7127",1490,1,1963,TRUE
"7128",1892,1,1964,TRUE
"7129",3257,1,1965,TRUE
"7130",2008,1,1966,TRUE
"7131",11519,1,1967,TRUE
"7132",3266,1,1968,TRUE
"7133",1229,1,1969,TRUE
"7134",1629,1,1970,TRUE
"7135",1115,1,1971,TRUE
"7136",1308,1,1972,TRUE
"7137",2413,1,1973,TRUE
"7138",2625,1,1974,TRUE
"7139",1096,1,1975,TRUE
"7140",3238,1,1976,TRUE
"7141",6286,1,1977,TRUE
"7142",1996,1,1978,TRUE
"7143",1410,1,1979,TRUE
"7144",2765,1,1980,TRUE
"7145",8369,1,1981,TRUE
"7146",4139,1,1982,TRUE
"7147",1226,1,1983,TRUE
"7148",1939,1,1984,TRUE
"7149",1318,1,1985,TRUE
"7150",6610,1,1986,TRUE
"7151",2415,1,1987,TRUE
"7152",1952,1,1988,TRUE
"7153",2188,1,1989,TRUE
"7154",1639,1,1990,TRUE
"7155",1919,1,1991,TRUE
"7156",1813,1,1992,TRUE
"7157",3221,1,1993,TRUE
"7158",3617,1,1994,TRUE
"7159",2663,1,1995,TRUE
"7160",1946,1,1996,TRUE
"7161",2221,1,1997,TRUE
"7162",1976,1,1998,TRUE
"7163",1499,1,1999,TRUE
"7164",5456,1,2000,TRUE
"7165",4026,1,2001,TRUE
"7166",9671,1,2002,TRUE
"7167",2124,1,2003,TRUE
"7168",2854,1,2004,TRUE
"7169",2433,1,2005,TRUE
"7170",3867,1,2006,TRUE
"7171",2101,1,2007,TRUE
"7172",1149,1,2008,TRUE
"7173",2229,1,2009,TRUE
"7174",2059,1,2010,TRUE
"7175",2094,1,2011,TRUE
"7176",5627,1,2012,TRUE
"7177",2049,1,2013,TRUE
"7178",4227,1,2014,TRUE
"7179",2173,1,2015,TRUE
"7180",8719,1,2016,TRUE
"7181",1221,1,2017,TRUE
"7182",2161,1,2018,TRUE
"7183",2614,1,2019,TRUE
"7184",4035,1,2020,TRUE
"7185",2313,1,2021,TRUE
"7186",16421,1,2022,TRUE
"7187",4494,1,2023,TRUE
"7188",27525,1,2024,TRUE
"7189",1929,1,2025,TRUE
"7190",1703,1,2026,TRUE
"7191",1183,1,2027,TRUE
"7192",2220,1,2028,TRUE
"7193",1069,1,2029,TRUE
"7194",1588,1,2030,TRUE
"7195",2961,1,2031,TRUE
"7196",1608,1,2032,TRUE
"7197",2211,1,2033,TRUE
"7198",3580,1,2034,TRUE
"7199",11169,1,2035,TRUE
"7200",3701,1,2036,TRUE
"7201",1373,1,2037,TRUE
"7202",1153,1,2038,TRUE
"7203",2381,1,2039,TRUE
"7204",8480,1,2040,TRUE
"7205",1492,1,2041,TRUE
"7206",3405,1,2042,TRUE
"7207",2190,1,2043,TRUE
"7208",1879,1,2044,TRUE
"7209",2083,1,2045,TRUE
"7210",2719,1,2046,TRUE
"7211",4124,1,2047,TRUE
"7212",1267,1,2048,TRUE
"7213",17101,1,2049,TRUE
"7214",1613,1,2050,TRUE
"7215",6244,1,2051,TRUE
"7216",4156,1,2052,TRUE
"7217",1277,1,2053,TRUE
"7218",2553,1,2054,TRUE
"7219",1548,1,2055,TRUE
"7220",3146,1,2056,TRUE
"7221",2028,1,2057,TRUE
"7222",4786,1,2058,TRUE
"7223",3924,1,2059,TRUE
"7224",1022,1,2060,TRUE
"7225",1159,1,2061,TRUE
"7226",2691,1,2062,TRUE
"7227",1806,1,2063,TRUE
"7228",1512,1,2064,TRUE
"7229",7614,1,2065,TRUE
"7230",2244,1,2066,TRUE
"7231",1408,1,2067,TRUE
"7232",2981,1,2068,TRUE
"7233",1695,1,2069,TRUE
"7234",4083,1,2070,TRUE
"7235",1216,1,2071,TRUE
"7236",2692,1,2072,TRUE
"7237",6233,1,2073,TRUE
"7238",3927,1,2074,TRUE
"7239",3578,1,2075,TRUE
"7240",1587,1,2076,TRUE
"7241",1606,1,2077,TRUE
"7242",1866,1,2078,TRUE
"7243",1871,1,2079,TRUE
"7244",1510,1,2080,TRUE
"7245",1409,1,2081,TRUE
"7246",6284,1,2082,TRUE
"7247",1433,1,2083,TRUE
"7248",2730,1,2084,TRUE
"7249",2214,1,2085,TRUE
"7250",6876,1,2086,TRUE
